-3.706557 0.3448596 0.1604934 
-0.6806688 -3.658178 -0.1927876 
-3.6074 0.4668955 -0.4590083 
-3.700454 -0.2189016 -0.2235707 
-1.797961 -0.4281178 -1.035375 
0.1805303 2.946237 1.10516 
0.2639245 -3.669048 -0.3835517 
-0.8256933 -3.597668 -0.3325023 
-2.440093 -0.4648176 -1.168042 
-0.7943742 -0.3917872 -0.6889492 
0.6738927 -3.482331 -0.6303725 
3.516646 1.187647 0.2653578 
-3.629294 0.8992112 -0.0001885506 
-3.673155 0.4729039 -0.2286365 
-3.410401 -0.8827496 -0.6725312 
-2.974226 1.70008 -0.7978297 
-1.023768 0.9958226 0.8821651 
-1.79611 2.348422 1.102027 
-0.7956644 2.693315 -1.140918 
-3.183198 0.9953625 0.8912039 
-2.856935 1.936765 -0.763657 
-1.489622 -3.428584 -0.04124985 
-1.487777 0.1098543 -0.903347 
1.234785 -2.640036 1.110861 
-1.015273 2.627615 -1.140098 
-3.61088 0.109161 0.5310533 
-2.628308 -1.857491 -0.9750223 
-1.38693 -3.397777 -0.3932295 
-2.166426 2.241673 -1.025052 
-0.8296594 -1.82386 -1.083318 
-1.427155 1.582076 1.114763 
2.899547 -2.359357 0.1656554 
2.796074 -1.713132 -0.9221083 
-1.420467 2.460935 -1.13673 
0.6563565 2.630413 -1.161836 
-1.997166 0.4844008 1.09973 
-1.962807 -3.13946 -0.2704596 
0.777921 2.406824 -1.169335 
2.363527 -0.218596 -1.153228 
-1.92834 -3.179405 0.2084071 
-1.284128 1.406049 -1.050429 
2.141815 -1.973762 1.12086 
-2.062078 0.2264117 1.1064 
-1.773185 -0.2092724 -1.014209 
1.317182 1.515147 1.084593 
0.7230424 2.78705 1.120365 
1.543628 1.941958 -1.15858 
-0.3144433 0.6915835 -0.6532727 
3.139333 -1.972852 -0.2597795 
-1.575872 3.192841 0.6106403 
-0.3461964 -2.643574 1.161168 
-1.960144 -1.802431 1.157544 
-0.1244577 -0.6794802 -0.6393008 
-3.087988 1.82505 0.5835432 
0.3481511 0.2190751 -0.5755403 
-2.09188 -3.072312 0.218955 
-1.112378 0.828726 0.8659782 
0.2310131 -3.232202 0.9537818 
-3.420536 0.9144945 -0.6416554 
-2.400976 -2.858743 0.1115873 
-3.141289 -1.046998 0.9066389 
-2.964788 2.003137 0.6032814 
0.1077522 1.622895 -0.9574358 
2.871198 0.7294188 -1.096727 
-3.536171 -1.175483 0.173897 
-0.09239389 -1.325216 -0.845818 
1.445725 3.157718 -0.740784 
1.586948 2.198787 -1.151266 
-3.636489 -0.6192799 -0.3360902 
2.711391 -1.095579 -1.103018 
2.379822 -2.637264 -0.6383634 
3.283641 -0.167531 0.9227345 
-2.212654 -2.814174 -0.5781318 
-2.366438 -2.655549 -0.6280196 
-0.3722213 -3.215362 -0.9572442 
-3.302947 1.606908 0.4020801 
-2.695063 1.565721 -1.032099 
1.613989 2.799836 -0.9660674 
-2.64526 2.058133 0.8704799 
1.644216 1.690696 -1.151885 
-0.3911009 3.719825 -0.03992218 
-2.70282 -0.6991921 -1.149382 
-1.686407 -1.551978 1.141813 
-2.602338 -1.238446 1.116237 
0.7837189 0.3246532 -0.6716916 
1.720667 -0.6821848 1.036212 
-2.485893 -0.3565537 1.15886 
2.161206 -2.728566 -0.7337725 
-2.057723 1.618789 -1.157109 
2.21614 -0.7395441 -1.148096 
-0.4785337 1.22514 0.8433142 
-3.398728 1.472398 0.2989111 
2.095284 2.644893 0.8656963 
-1.304348 -1.349737 1.043597 
-1.959478 2.460198 1.015356 
-3.302608 -1.482252 0.5090715 
1.083895 -1.538176 -1.045164 
0.5454959 1.834792 1.056886 
2.451074 0.9532091 -1.165242 
2.679595 1.353266 1.087262 
-1.666791 0.8799222 1.047283 
-0.3071048 -0.5727275 0.6212888 
1.53167 -3.086661 0.7742472 
-0.4632532 -1.292159 0.8606133 
3.63935 -0.8037853 -0.1719544 
2.784596 -0.7624218 1.111148 
-0.7243696 1.76004 1.052058 
-1.940712 -0.8391835 -1.111858 
1.970723 -2.881643 -0.7242478 
2.440936 -0.5983968 1.162827 
1.430815 -0.6023214 -0.9304946 
-0.1427924 -3.599869 0.5468829 
0.5895224 0.2567185 -0.618288 
3.279276 0.3288158 -0.9287968 
0.7015362 2.563292 1.155206 
2.048074 -0.4452158 1.107718 
-0.3820997 -1.515668 -0.9345003 
-0.6287776 -0.09536255 0.6122467 
1.964328 -1.635353 1.166404 
-1.549719 -0.05814553 0.9294797 
1.749489 -3.044382 0.7007703 
-0.1790366 3.305557 -0.9035945 
-0.1101442 -1.971493 -1.073719 
-1.441405 1.349136 1.073382 
0.5921965 -0.7896127 0.7232437 
0.1791174 0.843647 -0.6801126 
0.3085323 1.494398 -0.9205499 
0.4198759 -3.52713 0.638451 
2.856572 0.5360864 1.115472 
0.3361466 3.722657 -0.05751452 
1.150653 -0.07750037 0.7803914 
-1.706811 0.08731187 0.9895545 
2.59233 -2.266803 0.7921712 
-0.09051393 1.989897 -1.076524 
0.9908904 -0.6044704 0.7790668 
-2.639149 -2.17001 -0.8033256 
0.3483681 0.7937431 0.6868959 
1.332922 2.785941 1.046046 
1.571928 3.35207 -0.2931242 
-0.2219248 -2.817567 1.129841 
2.194527 -2.233637 -1.016743 
-0.4039585 2.616685 -1.162766 
2.580446 -0.974116 -1.139951 
2.962646 -0.6992694 -1.05494 
2.855126 1.25738 1.028328 
3.372084 0.04616382 0.8494489 
3.449943 1.027065 0.5664012 
1.03097 3.568206 -0.2605521 
3.614928 -0.08073521 0.5267506 
-1.192751 -3.505295 -0.2888583 
1.993624 -3.109736 -0.3364565 
-0.5989403 -2.105352 1.130358 
-1.928507 -0.748503 1.09704 
-2.123577 -0.8530251 1.136654 
2.221093 -1.857452 -1.104246 
-0.943231 -0.9366868 0.8413751 
-1.17786 1.223162 -0.981846 
-1.145752 3.147797 -0.8799505 
1.80578 -1.164748 -1.115919 
0.7651727 -0.6839584 -0.7318057 
-0.6218536 3.643572 -0.2939312 
3.359495 -0.3739538 0.8395405 
-1.173407 -0.02091141 0.7852862 
0.5333077 3.489704 0.6722637 
3.368245 0.4608104 -0.8400619 
3.565511 0.7722485 -0.4698367 
1.246311 1.21025 0.9987621 
3.366326 1.468241 -0.4240169 
3.165991 1.965128 -0.1817856 
0.1132256 3.69392 0.274672 
-1.367301 -0.9789165 -0.9750975 
0.1665613 2.277539 -1.140225 
-3.175587 -0.8758184 -0.9190653 
1.808208 0.4047975 1.036465 
-0.01015086 -0.8421654 0.6737514 
-2.805468 1.326488 -1.040361 
-3.055875 -2.119335 -0.1950456 
3.683583 -0.2077031 0.3576348 
2.652542 -2.36211 -0.6534244 
3.274431 1.763197 -0.209064 
-0.9155673 -3.45276 0.5920593 
-1.337395 -2.713344 1.07387 
-0.9973741 -3.57446 -0.2594161 
1.167383 2.887228 -1.037979 
2.094918 -2.569343 -0.90223 
-2.397392 -1.164531 1.153107 
-1.188405 1.619769 -1.080452 
1.285605 -0.2928454 0.8430352 
-1.289519 -1.843676 1.135762 
-1.955047 -2.692978 0.8923137 
-2.961446 -1.122614 1.005131 
-1.555761 2.566572 -1.093096 
-3.685257 -0.2054186 0.3298807 
0.2713217 2.795952 -1.133865 
-2.377175 1.796153 -1.086459 
2.823928 1.477151 0.9909781 
2.147024 -0.2078802 -1.119253 
-2.060436 1.044139 -1.141897 
1.686038 -0.4888332 1.005607 
3.55362 -0.6714198 0.5075615 
-0.7684366 -3.349088 0.7770292 
-0.8727029 0.4812115 -0.7206562 
-1.165577 -2.312882 -1.168007 
3.214023 1.391097 0.7016567 
-1.385949 -1.190025 -1.025661 
2.802278 -2.241542 -0.5989912 
-2.70679 -2.409823 -0.482289 
1.306432 3.105174 0.8601021 
-1.251985 -3.488239 0.2892434 
-0.6173598 -2.90605 -1.102333 
2.052356 -2.329843 1.045826 
-3.543698 1.039162 -0.3180343 
-2.344873 -2.847075 0.3503475 
-2.566699 -1.285046 -1.125371 
1.311901 -0.5600662 0.8836377 
-1.168126 0.2763699 -0.794872 
0.5671933 3.149919 -0.9884368 
-1.939815 -1.815142 -1.163768 
2.234042 2.962667 -0.2849658 
-2.950716 2.141538 -0.4528392 
1.032866 -0.3833131 -0.7588062 
2.126034 0.2557573 1.117231 
2.178658 3.032997 -0.1189814 
1.008552 -3.438698 -0.5886915 
-0.7305184 -1.983248 -1.112059 
1.119396 3.340001 0.678641 
0.9336815 -0.9548017 0.8443636 
3.02272 1.93132 -0.5696806 
-1.881206 -2.888647 -0.7802216 
1.005798 0.1022659 0.730334 
-2.489293 -2.064171 -0.957603 
-1.795653 0.01427035 -1.016625 
-1.553188 1.782227 -1.148958 
2.763739 2.334114 0.528354 
-1.152575 3.466643 0.4469042 
-1.553188 -3.178681 -0.6554315 
3.38474 -1.55015 0.171055 
1.789324 -2.856921 -0.85089 
-3.090419 0.25232 1.040033 
-1.004405 1.642175 -1.05805 
1.672156 -0.8778052 1.045742 
-2.074314 -1.229336 -1.160374 
-1.566149 -0.3696003 -0.9502949 
-2.605032 -2.123313 0.8550325 
-0.5758552 1.398998 0.9150747 
-1.395092 -3.450926 -0.2086438 
-3.710935 0.2372257 -0.08563514 
0.90364 3.545531 0.4263619 
0.4531163 -3.57759 -0.5437315 
-0.5953557 -2.292808 1.159783 
2.139647 0.6157774 1.13208 
2.919758 -0.08551044 -1.107531 
1.478142 0.01211702 -0.8994977 
0.2115372 -2.87169 -1.132919 
1.560809 0.8360968 1.010279 
-3.170933 0.7624487 0.9468265 
1.104099 3.367361 -0.6552637 
2.57981 -1.421865 1.096471 
-2.803473 -0.8854421 -1.106753 
-0.7400416 0.2259937 0.6492472 
-1.443282 3.345447 -0.4462597 
0.07393955 0.1504339 0.5528766 
-3.461434 -1.05206 -0.5098813 
-1.023531 -1.740074 -1.085517 
0.5280103 0.03977165 -0.5961165 
1.337465 -1.697384 1.118878 
3.281145 0.7871796 0.850868 
-0.765968 -0.5977237 -0.7174283 
-3.514251 1.282088 -0.03500776 
-0.8803291 1.780357 -1.075615 
0.1009592 -3.712158 -0.2423002 
0.6755357 -3.627513 0.3255083 
2.749506 2.197198 -0.6763382 
1.170101 2.974088 0.9816348 
1.535439 2.980813 -0.8667153 
-0.1536183 -3.477893 0.7340001 
0.1320751 -3.486529 -0.7323483 
-1.374159 -1.886874 -1.149735 
1.022721 -3.219791 -0.8527989 
-2.161989 -3.028414 -0.1892899 
-0.6186142 -3.613714 -0.4113376 
0.9408443 3.100509 0.9523458 
1.275192 0.5340604 -0.8628067 
1.610626 -2.359609 -1.124439 
-3.359714 -1.474282 -0.3558378 
-1.749811 -0.6355187 1.036968 
-0.7224707 -2.35282 -1.165711 
-3.430542 1.460858 -0.1554827 
0.5628071 -2.191957 -1.142694 
1.571302 -1.821674 -1.155028 
1.86908 -2.013188 -1.14132 
1.406572 2.848908 -0.9998983 
0.3324373 -1.884297 -1.054787 
1.450617 -1.967746 -1.159805 
-2.305787 2.927469 0.2024034 
-2.136231 -1.683802 -1.157139 
-3.217549 0.1815822 -0.9768168 
-0.6800758 -1.443884 0.9450309 
-0.9885824 -1.492336 -1.013253 
1.395367 -2.335884 -1.150721 
-0.72118 -1.214106 0.8746221 
2.737272 2.530266 0.181226 
3.011975 -2.128584 -0.364965 
-1.74908 -0.8862477 1.06712 
-0.4606174 -0.9067115 0.7268736 
3.188196 -0.7185994 -0.9300498 
-2.198779 -2.386125 0.9610316 
-0.261464 1.653835 -0.9739016 
0.66269 -0.3390142 -0.6447152 
3.173902 -0.3271222 -0.9920868 
-1.585029 -1.050095 -1.050821 
-0.5574983 -2.913766 1.099995 
3.190661 0.613972 0.9529537 
-0.02954582 -0.06969331 -0.5477235 
0.19489 -0.1486417 -0.5594196 
-0.7498378 1.15545 -0.8606721 
-2.893562 0.202906 -1.119077 
0.2484194 -0.3759042 -0.5862291 
2.703537 -0.06253778 -1.152587 
-2.145303 1.952608 1.111262 
2.142099 0.2146409 -1.117327 
1.134837 1.281271 -0.9867445 
-1.964632 -0.09918985 -1.072692 
-3.511075 0.2440144 0.6905344 
-0.728981 0.6271416 -0.7084755 
1.999145 0.8468194 -1.125688 
-3.518806 0.9984133 0.441871 
0.4395194 1.210314 0.8337937 
0.8082022 1.864894 1.089052 
2.562736 2.046078 0.9415361 
3.19127 1.183972 0.8162479 
-2.451645 1.120539 1.146001 
0.2406286 1.331216 0.8570297 
3.196398 1.829564 0.3506695 
2.397821 1.35651 -1.137744 
-0.9210394 3.539539 0.4361926 
3.320072 0.1083039 -0.9014395 
2.283707 1.961346 1.084387 
2.672373 2.065491 -0.8457649 
-3.128569 2.053225 0.07374321 
0.7317063 3.009694 1.040809 
3.260367 -1.793755 -0.1613611 
0.5003724 3.70036 -0.1351412 
2.125029 -0.5805842 -1.12842 
0.7620597 3.075731 -1.011202 
1.836946 -3.235976 -0.2222321 
-0.833508 -2.157677 -1.151127 
-3.572844 1.079316 -0.1304801 
-1.051036 -3.55932 0.2631502 
-0.7748797 -1.00351 0.8180467 
-1.669063 -2.71207 -0.9942864 
-3.293943 -0.9281953 -0.7991612 
0.2498345 -0.276053 0.5711019 
0.06861091 -2.526538 -1.169624 
-2.787631 -2.100769 0.7288395 
-0.9017031 0.9982363 -0.8471951 
2.652522 1.338013 -1.086443 
2.796711 -0.8978277 -1.095037 
-1.514327 2.56405 1.091796 
-0.9449961 2.541904 1.152115 
-0.293917 -3.714686 -0.1165191 
-0.2038271 -3.720511 0.1054222 
0.6395841 -3.092522 1.004125 
-3.577054 0.2731954 -0.5739059 
0.9526191 -3.615611 0.05362952 
0.08319537 1.41168 -0.878382 
-0.9582047 -3.423582 -0.6442648 
-1.589859 -3.368911 0.166339 
-1.87477 -2.739208 -0.8992347 
2.284283 -2.535093 -0.8146562 
-1.761943 -2.591022 1.023892 
-3.433256 -1.433499 -0.1189683 
-2.041216 3.133917 0.00534787 
-2.868933 -2.169664 0.5721024 
-3.178401 -1.961172 -0.09743175 
-3.186838 -1.943484 0.1169268 
2.956588 -1.93411 -0.6693329 
3.072007 -1.855101 0.590784 
1.99448 -1.832086 -1.142715 
1.76286 -1.809868 -1.155031 
-1.09042 -1.463903 1.027095 
1.596479 -1.364044 1.104492 
-1.235192 -1.104448 -0.9653907 
-1.553127 -1.280272 -1.082336 
-1.727539 -0.8292463 -1.056781 
-1.021119 -0.7605626 0.8202525 
-1.373778 -0.866131 0.9548218 
0.6512212 -0.5228823 -0.6701639 
3.028601 -0.9321413 -0.9907917 
-0.1650248 -0.4505717 -0.5914499 
1.940207 -0.2083443 -1.066799 
3.086813 -0.5007241 -1.021742 
0.08897725 -0.4566587 0.5846577 
2.57196 0.1848887 1.16462 
-0.235834 -0.2133964 -0.5651044 
1.58704 -0.03334844 0.9445035 
0.5906185 0.8376228 0.7339671 
-0.0935431 0.3616962 -0.567199 
3.142592 0.1842935 -1.019959 
-0.1120227 2.975343 -1.093325 
1.722183 0.2729503 -0.9987692 
0.9772307 0.6730551 0.7938178 
2.857036 0.9571569 -1.079004 
1.371503 0.727866 -0.9288464 
-0.2354798 0.9221915 -0.7107915 
-1.215456 1.33734 1.02227 
1.938839 1.009321 1.12479 
-1.495335 0.7280443 0.9721824 
-1.423882 0.925463 0.9844241 
0.5047904 1.358742 -0.8907481 
-3.040929 1.138091 0.9606538 
-0.5747216 1.308123 -0.8813709 
-2.383531 1.30955 1.141474 
0.7046698 2.314403 1.154323 
-2.145137 1.342109 1.1536 
-0.618745 1.521411 -0.9614118 
0.5820814 1.992356 -1.100796 
-0.552274 2.377807 1.154807 
-0.8807175 3.084872 0.9758022 
1.313914 3.238314 0.7194348 
0.1136366 3.526537 0.6688802 
0.3398103 3.571548 0.5813696 
-1.057577 3.551774 0.2538066 
-0.8341143 3.615565 0.2620664 
-0.1959953 3.638277 0.4716393 
-1.949121 -0.9977893 1.122399 
-2.361763 0.09251714 -1.158365 
1.603581 1.265422 1.091067 
1.259499 3.469387 0.345276 
0.876604 -3.115836 0.9583151 
-2.608277 -2.663556 -0.1488944 
-3.081003 -2.114825 0.02194591 
0.8983281 2.660535 1.134719 
0.2642449 -1.499283 -0.9196723 
-2.10353 -0.6156184 1.121861 
2.568984 0.8244555 1.156165 
0.8611257 3.569469 -0.3960245 
-2.28798 -2.884001 -0.3397297 
-2.518858 -0.024786 -1.170452 
1.571613 0.3748801 -0.9516748 
2.688891 1.148466 1.114686 
2.108817 1.21577 1.159107 
0.685796 1.427531 -0.9402315 
-0.4541579 1.684829 -0.9978266 
-2.770877 1.86285 0.8763466 
2.154658 2.106671 1.080359 
-3.456084 -1.388384 0.117528 
-1.757382 -1.924544 -1.164884 
-0.7001472 -0.2223495 -0.6461768 
-1.567622 -3.283708 -0.4688728 
-0.4085044 -2.17794 -1.134233 
3.42877 -1.081006 0.5630679 
2.673032 -2.621714 -0.09493843 
-1.284 -2.481637 -1.14457 
2.558055 -2.433305 0.6873537 
-2.947152 -2.285798 0.1317606 
-2.310171 -2.65143 0.6913692 
-3.720806 -0.2795263 -0.005176915 
-1.630018 3.270915 -0.4128098 
-0.5549474 -1.331035 -0.8873803 
-1.864552 -0.6362965 -1.073346 
2.515869 -1.441842 -1.098502 
3.445662 0.9199439 -0.6113002 
-3.08556 -1.839553 0.5595869 
-1.295359 3.476128 0.2487306 
-1.098341 3.120092 0.9060026 
-2.872133 -2.308077 -0.3026024 
1.957721 -2.724164 -0.8687448 
1.567671 0.4020779 0.9560711 
2.319702 0.1740796 1.149782 
-0.7899799 3.639727 -0.1177483 
-2.632654 2.64834 -0.1413869 
0.9790876 2.255877 -1.166291 
-0.140393 1.757336 1.007227 
3.05985 0.6300222 -1.02967 
1.938312 1.47569 -1.158916 
-1.30619 1.056905 -0.9748201 
-1.078616 1.807009 -1.106543 
1.383093 3.459769 0.2165434 
2.751684 -0.6559689 -1.12685 
0.7031069 -2.716551 1.140225 
2.415515 2.646734 0.6052477 
2.652539 1.878796 0.9568586 
1.881483 -2.881463 0.7907902 
-0.9527164 0.6487335 -0.7735172 
-1.491057 -2.86988 -0.9599462 
3.200983 -1.790834 -0.3934472 
-0.7504876 -2.448384 1.168416 
1.66059 -2.913723 0.8680994 
-2.232666 -2.639652 -0.7606152 
-1.008062 -2.484755 1.162104 
2.832344 1.662579 -0.9270571 
1.935298 2.039095 -1.13854 
-1.343363 -2.251558 1.16303 
0.5083637 -0.2899256 0.6136476 
1.027287 -1.907031 -1.121549 
-3.362492 -1.547265 0.2810076 
-1.286458 0.09510642 -0.827281 
2.318942 -1.849548 1.103511 
-0.4652635 -1.555034 0.9547809 
0.3857601 -2.254353 -1.144956 
0.6608046 -1.322002 0.902081 
0.01909755 -2.13961 -1.116208 
-3.453096 -1.096916 0.5186586 
-3.222742 -1.291963 -0.7368709 
1.18225 -0.7145227 -0.8636665 
2.709493 -0.9676098 1.114729 
3.687913 -0.01254706 0.3560538 
3.640644 -0.4348772 -0.4147837 
3.71897 -0.3748302 -0.06266272 
0.8608683 -3.615507 0.23744 
-3.363988 -1.094046 0.672439 
-0.05766459 0.7788561 -0.6591218 
0.9439158 1.05484 0.8827924 
2.529931 2.547959 -0.5819713 
-3.391201 1.438201 -0.3503539 
3.052316 1.360089 -0.8835201 
3.200481 1.907942 0.1735554 
1.234958 3.215165 -0.7837036 
1.904132 1.6594 1.163296 
-1.240116 2.243136 1.164733 
-3.556125 -0.3410673 -0.5923946 
1.687419 3.100781 0.6758986 
0.5299281 3.33446 0.852913 
0.03629109 -3.578571 -0.601293 
0.6722914 3.429336 -0.7151971 
1.357316 -3.287107 -0.6258733 
2.642535 -2.589364 -0.3209943 
0.5263129 -3.449126 -0.7226919 
0.8775817 1.369224 -0.9557219 
0.4706922 0.4406713 -0.617278 
1.996101 -1.035826 -1.135002 
-0.3649158 1.748923 1.012621 
2.516517 0.4869342 -1.162603 
3.187351 0.03239721 0.9968426 
-3.155361 0.7619036 -0.9486589 
-0.001672918 2.181074 -1.123126 
1.601762 2.403476 1.125129 
0.8519884 -3.42841 0.6564252 
-1.432489 -3.152717 0.764942 
3.368818 1.141209 -0.6283309 
0.09518891 -2.293193 1.14802 
-2.273317 2.007136 -1.065081 
-1.279986 3.43218 -0.3871535 
-2.946338 -1.691842 -0.8278415 
2.727251 -1.285154 -1.066269 
-0.5691704 -0.446963 -0.6444051 
3.609868 0.4647509 0.497065 
-3.611515 0.6781366 -0.3475163 
1.585217 0.7343596 -1.001438 
3.475133 0.7324092 -0.6506678 
-0.7747758 -1.426307 -0.9540986 
0.8617612 2.471608 1.157175 
-1.843354 2.674893 0.9504507 
1.662374 3.083242 -0.7002121 
0.7097998 3.617431 0.3479036 
0.05272078 3.580302 -0.602915 
0.5227742 -1.528801 0.9543893 
-2.319896 -0.3050831 -1.156434 
0.739781 -0.1742798 0.65255 
0.2916733 3.575315 -0.5933696 
0.128796 -1.328844 -0.8486434 
3.43544 -0.8380068 0.641204 
-0.05366219 -0.03604054 0.5418157 
-2.96666 0.9069583 -1.044399 
3.24916 1.854657 -0.002169604 
0.05153204 -3.550006 0.6427662 
-3.234726 -1.699638 0.4260901 
2.272815 -2.955812 0.2208182 
1.501918 -3.397813 -0.2471626 
0.9557945 -1.720239 -1.071094 
2.390429 0.1631504 -1.155432 
-2.092678 -2.99719 -0.4201977 
1.562947 3.254135 -0.5278222 
1.840078 -0.05551213 1.034263 
1.829857 2.522578 -1.030635 
1.622298 -2.781116 -0.9674636 
1.096684 -2.105444 -1.154507 
-0.2575735 3.126525 -1.020034 
-1.942994 3.17586 0.1881123 
1.824618 1.881833 1.162061 
0.8558987 -2.855522 -1.094095 
-2.794115 1.06565 -1.092229 
0.04838788 1.202352 -0.7987258 
3.015047 0.6833689 1.045711 
2.794284 2.313718 -0.48671 
0.4235634 -1.060622 -0.7782307 
-0.5379326 1.102272 -0.80415 
-1.551854 3.087229 -0.7695949 
2.241848 -2.999913 0.05085783 
-3.662627 0.4546634 0.3443743 
-1.738929 -2.965457 0.7886279 
-2.322685 2.909558 -0.2002095 
3.221579 -0.975602 -0.8517985 
0.003730665 -1.536767 -0.9258695 
1.701789 0.1832147 0.9895434 
-0.5233882 -0.497691 0.6389806 
3.730055 0.3244555 0.05313383 
1.671005 0.930393 -1.05623 
1.07618 0.858745 0.8664808 
2.001158 2.278775 1.073513 
-0.6959022 0.9597039 -0.7872519 
-0.2592401 3.268396 0.9349315 
-0.9630074 1.96729 1.12961 
-0.05445555 -3.731618 -0.07928247 
-1.474792 -2.379882 1.14424 
1.462834 0.913444 -0.9933932 
0.9525679 2.070947 -1.146623 
-0.7799364 -3.525156 -0.54286 
2.162265 -1.319437 -1.158566 
-1.732542 -2.143167 -1.143682 
-2.887629 -1.565809 0.9228175 
-2.226918 -1.059818 -1.163672 
-3.675079 -0.5428516 0.237485 
1.207537 -0.492533 -0.8331105 
0.3799481 0.909319 -0.7189241 
2.901914 0.4967531 -1.102085 
-2.128469 1.260786 -1.15622 
-1.008312 1.36391 0.9836295 
-3.31651 1.685242 0.2028936 
0.6743827 -2.045776 -1.119512 
-0.9362044 -1.276325 -0.9379395 
2.896157 -2.241548 -0.4493164 
-2.952081 2.148435 0.466758 
1.859703 -0.05094432 -1.038405 
-1.918653 -1.58911 -1.163578 
3.607328 -0.2304249 -0.5249494 
-2.181374 2.635492 -0.8037889 
2.682431 2.510089 0.4014473 
-0.09756515 3.390041 0.8231421 
-2.436011 -2.696085 0.4966925 
-0.9756663 -0.4724034 -0.7540534 
-0.8523133 0.5939564 0.7389489 
1.28916 -3.495646 -0.2061164 
3.734876 0.1006434 0.006655163 
2.121123 2.771048 0.7469059 
-3.240857 -1.50233 -0.5823227 
-1.843291 3.18085 -0.3716399 
2.03169 0.419206 1.099934 
1.553118 -3.301866 -0.4550706 
1.994906 -3.158036 -0.148464 
-0.6192705 -2.174096 -1.143113 
-3.427185 -0.5025008 0.7636499 
-0.0333512 2.654085 1.161786 
1.13752 2.105265 -1.158542 
0.4735041 -3.133062 -1.016919 
0.4921989 1.109064 -0.8017194 
3.315454 -0.2724566 -0.8931096 
0.338981 -3.401182 0.8092006 
-1.935037 2.951055 -0.6756737 
-2.290146 -1.554205 1.134089 
-1.939631 -3.099078 0.417785 
-2.749611 -1.710312 0.9562241 
3.662252 -0.7687116 0.0480793 
3.71389 0.1688209 0.2432301 
-1.60966 0.2858073 -0.9567971 
-0.2978317 0.3206542 0.5802789 
2.566886 2.616383 -0.4287211 
-1.844421 3.248147 0.0001770625 
-1.21165 3.36126 0.6054628 
-1.37859 0.6955516 -0.9230402 
2.513208 1.238962 1.145641 
0.7230698 3.526484 0.5546776 
3.033174 -2.039839 0.462001 
2.811296 -1.904664 -0.8286452 
-1.98065 1.420178 -1.156422 
2.54132 2.623903 0.4686295 
0.6787091 -1.838627 1.071343 
1.721652 0.527123 -1.019001 
0.5645642 -0.02723804 0.6069489 
-1.850185 -2.522579 -1.024312 
3.24866 -1.199187 -0.7559532 
-1.190149 -0.5852919 -0.8405393 
-1.037592 1.431611 -1.006583 
2.669306 1.079471 -1.119755 
2.077468 2.202914 -1.07499 
-2.967415 -0.4972421 -1.08899 
-1.007078 -3.286636 0.778061 
3.001234 2.238306 0.01397872 
0.226887 -3.50635 0.6988835 
-0.7782121 -2.859903 1.100355 
0.8815259 -1.912315 1.109556 
2.544459 -0.6194924 -1.15726 
1.983332 3.045894 -0.4901333 
0.3716351 -0.1040444 0.5729693 
-1.379176 -0.2306425 -0.8688684 
0.4237062 2.601779 -1.161334 
0.8820515 2.646533 -1.154292 
-1.737409 2.829814 0.8928649 
-0.3178187 -0.8062801 -0.6861389 
-3.010234 -0.2290916 1.076478 
-0.6980677 3.216502 0.9166713 
-0.9300573 -0.3543526 0.7186556 
1.219966 -2.936615 0.9922926 
3.285392 -0.7800677 0.8308547 
-2.262477 0.1779239 1.148582 
-2.570933 -1.87713 0.9816742 
-1.669182 -2.391607 1.114532 
-0.8841041 -3.622516 -0.1299805 
1.746453 1.480242 -1.144622 
-0.130152 2.587559 -1.16074 
-1.523005 -1.874099 1.157855 
-1.308544 2.020744 1.158732 
-3.724781 -0.04341898 -0.04582992 
-2.306415 -1.298722 -1.160957 
1.806541 2.724931 -0.9391828 
-1.700317 1.166 -1.094338 
-0.4686711 -3.678095 -0.2675146 
-3.050853 0.003371069 1.062733 
-2.706804 2.205682 0.7257698 
0.1748161 3.466934 -0.7567578 
0.2174331 -3.586052 -0.5787133 
3.162885 -1.880063 0.3878858 
-1.563603 -3.319797 0.3990042 
-1.349231 -0.4245342 -0.8743711 
0.7369611 -3.274658 0.8584936 
-2.587141 -0.8844094 -1.154725 
2.513983 -2.749428 -0.208391 
1.188937 3.543905 -0.08771954 
1.040583 3.591843 0.08163673 
0.659786 -3.596252 -0.4317315 
0.343057 -3.473741 -0.7283494 
-2.88214 0.155764 1.119633 
3.162973 -0.0862319 -1.002773 
2.849714 1.033482 1.07336 
2.913464 2.336628 -0.1218374 
-1.209337 -0.1147687 -0.8009613 
0.3544252 -1.292638 -0.850497 
-3.17811 1.482362 0.7146297 
0.5444789 1.588404 -0.9763029 
-2.946673 0.6704171 -1.072298 
-0.1376224 -0.4086877 0.5754556 
-0.4805354 -0.7197609 0.6801676 
-1.919514 1.82312 -1.153351 
-3.327574 1.432485 0.5220259 
0.1750802 3.667036 -0.4069912 
-2.907582 -1.073584 -1.037462 
0.9126342 -0.03759374 -0.6927091 
-0.1146255 -1.810782 1.023378 
-1.840039 3.195143 0.3426041 
-0.9017208 -1.34326 0.9534159 
3.153737 -1.162851 0.8515586 
1.403598 2.251654 1.162154 
-0.8127736 0.0004766062 -0.6689084 
0.1398561 3.365747 0.8566093 
-2.784308 1.748073 -0.9226037 
-2.417119 0.3335832 1.166295 
0.6961842 -0.1180098 -0.6332248 
1.43964 -1.387015 -1.077428 
-0.9615808 -0.2140523 -0.7231974 
-0.4578142 -1.772912 1.028535 
-1.115868 1.517515 1.047964 
1.061514 -3.475994 0.4952989 
0.6461099 -1.603735 -0.9941698 
0.7289112 -3.660474 0.1044604 
-0.8418003 -1.797743 1.077519 
1.417978 2.033253 1.164619 
3.521673 1.058483 0.3977921 
2.416006 -0.2504699 1.164291 
0.9505714 0.1935671 -0.7109366 
1.219329 2.116031 1.158838 
0.468251 -3.323016 -0.8774981 
-2.409355 0.916896 -1.158968 
-3.402025 -0.06412049 -0.8200718 
-0.3570972 1.058099 -0.7643828 
-2.806052 -1.862137 -0.8601228 
0.4860053 -3.252384 0.9137352 
-1.777817 1.119796 1.103583 
3.686653 -0.5970086 -0.09798199 
1.057646 -1.149504 -0.934083 
-2.582469 -2.703643 0.05946639 
0.8608073 -1.555168 -1.010479 
-3.639148 -0.1656967 -0.4436243 
-1.082938 0.6425095 0.8206149 
1.447352 -2.539043 1.1043 
0.4185038 -1.665428 -0.9900666 
1.16257 0.3137812 -0.79592 
-0.7433606 3.515599 0.5742041 
-1.339533 3.202947 -0.7502686 
0.7847216 -0.8772824 -0.7870742 
-0.07368216 -1.601953 0.9483525 
0.6879299 -1.041584 -0.8154561 
-1.721901 2.998332 0.7465767 
2.876392 -1.720409 0.875028 
2.94197 -1.497596 0.9075513 
1.756866 -1.745988 1.163015 
-2.399101 2.438528 0.8111703 
0.321202 1.709143 -0.9974653 
-0.2771487 -1.677368 0.9830166 
-1.338833 -3.281736 0.6600047 
1.436434 1.64213 1.126521 
-2.076751 -2.37642 -1.00706 
0.1243443 1.840598 -1.032455 
-2.926851 0.4171857 1.10252 
0.4489538 -0.2027725 -0.5911135 
0.1509071 2.05836 -1.096047 
3.32414 0.9964448 0.7501095 
-0.2756953 2.402696 -1.157333 
0.3846426 3.02282 -1.062691 
0.8336872 -3.251022 -0.8778394 
-0.1842179 -3.325766 0.8897263 
2.765589 -2.136422 0.7273608 
1.043124 -3.572618 -0.1975734 
-1.761769 -3.229001 -0.3591878 
1.260428 -2.542076 -1.127891 
-0.2005602 -1.235174 0.8142856 
-0.7511311 -0.8627071 -0.7775576 
-2.473812 -0.8017814 1.158114 
-3.076537 0.08800664 -1.055675 
-0.5352656 0.7131079 -0.6889716 
-2.159751 1.814906 -1.128778 
0.1231914 2.991451 -1.083646 
-2.484317 1.583934 -1.097159 
-2.270622 1.603362 -1.138508 
-2.053065 2.025103 -1.113107 
-1.728982 2.524954 1.059943 
0.625276 -2.503477 1.168118 
-2.461293 -2.773154 -0.2525757 
1.529521 -2.163964 -1.157951 
3.716146 -0.3004586 0.1529008 
-2.208292 -0.4645966 -1.142035 
3.722715 0.2536468 -0.133291 
3.570936 0.5819609 -0.5491951 
0.6708502 3.676337 -0.07578396 
0.7844275 -2.923514 1.069258 
1.895741 0.1373274 -1.050427 
2.261252 -0.01655447 -1.138478 
-0.9411809 0.8162506 0.813539 
-0.9648671 1.198979 -0.9226621 
0.3260384 3.712111 0.1558836 
3.615357 -0.9723097 -0.03995918 
0.9105436 -2.747397 1.113635 
0.1602689 -2.311741 -1.149506 
-2.686675 2.292333 -0.6607413 
-0.5485603 -3.521041 -0.6218302 
-2.492788 -0.2343654 -1.169992 
-3.110986 -0.3732002 -1.028453 
-3.087384 -0.1367236 -1.046847 
1.876986 -3.235281 -0.008747838 
2.632837 2.657687 0.06971261 
0.5208284 -0.6613276 -0.6738792 
0.5602445 -2.365413 -1.163344 
1.936489 -3.178002 0.1991368 
-2.217417 -3.008183 0.04187769 
2.279041 -2.039067 -1.051463 
-1.27366 -2.481784 1.141927 
-1.195844 -2.087308 1.158423 
-1.323437 -3.023461 -0.9159769 
2.340787 -1.269484 -1.149177 
2.057719 -0.6832461 1.11962 
-2.196188 2.466262 0.9215656 
-1.081471 -0.5290143 0.7938712 
-1.430212 -3.418015 0.2970216 
1.592443 -0.828649 -1.018173 
2.75284 2.52586 -0.06628653 
1.684128 0.6146492 1.017104 
2.329713 0.7812182 -1.165635 
2.499139 0.7101859 -1.165234 
1.157744 1.721174 -1.098814 
0.0719662 1.424321 0.8835461 
0.535028 2.906014 1.103987 
1.297801 3.369582 0.5361862 
-1.540061 0.1467295 0.9283317 
1.121302 -0.477509 0.8024589 
1.913674 -0.5789897 -1.080594 
3.068454 -1.956698 -0.4786621 
3.076502 -0.1671503 1.052678 
2.485189 -0.03837595 -1.161121 
2.198795 -1.319829 1.161103 
3.457489 1.370115 -0.2628452 
-1.629632 3.354883 0.0001623541 
-0.9662543 -3.607428 0.07100976 
1.973889 -3.018451 -0.5482446 
1.797226 -2.728938 0.9441925 
2.767384 -2.401118 -0.439516 
3.300064 -1.008264 0.7574935 
-3.206359 -1.397557 0.7067079 
-3.593643 -0.965899 0.218453 
-0.7921175 2.347284 1.159033 
-1.22174 -0.7075471 0.8732706 
-3.45651 0.3102345 -0.7512106 
-1.427161 0.3213828 0.8954474 
3.358097 0.6517631 -0.8127084 
-3.506449 0.6644693 -0.5896845 
0.9244383 1.739831 -1.072311 
3.271584 1.654316 -0.4078901 
-0.05009622 1.936305 1.063204 
-0.377553 2.240619 -1.142118 
-2.780687 2.314169 0.5221251 
2.368012 -2.842493 0.3255896 
-1.168844 2.455132 1.154492 
1.240817 -3.18492 -0.8099613 
2.375431 -2.890708 -0.08728785 
0.7312173 3.217395 0.9119965 
-1.176411 -2.672143 -1.11545 
1.301125 -0.8095963 0.9223273 
-2.770441 0.8272829 -1.122629 
-1.46807 2.188036 1.16059 
1.125615 -0.9344016 -0.896052 
2.27966 -2.792361 0.5410079 
-3.250813 -1.184721 0.767912 
-3.246045 -1.817977 -0.2025243 
-3.570014 -1.083393 -0.1552588 
-0.3431094 -2.96787 1.094224 
1.19488 -1.554268 1.068501 
-1.927846 2.212337 -1.101675 
-0.01667817 1.582652 0.942423 
-3.206845 1.779259 0.4051774 
-3.40559 0.3599114 0.8055246 
-3.274646 0.327582 0.9286569 
2.906068 2.002446 0.6646517 
-1.355972 -2.306852 -1.162641 
-3.602739 0.3515084 0.5235858 
0.219774 -2.85629 1.117927 
-0.3142377 2.421816 1.157019 
-3.278584 -1.792345 -0.01864544 
0.8820369 -2.074335 -1.138783 
1.739732 -0.1946461 -1.001623 
2.088583 -2.032944 -1.102714 
3.061294 0.4616809 1.042615 
-2.493481 -2.526402 0.6373751 
0.149985 0.07235504 -0.5508567 
-1.817736 -1.027822 -1.105421 
0.8362232 0.8613167 0.7989563 
0.01249234 1.23805 0.8114751 
0.896199 1.626314 1.039371 
0.7040941 1.243594 -0.8814395 
-1.416461 1.594632 -1.110341 
1.657957 -0.2547403 0.9781091 
-2.131109 -0.246764 -1.120109 
-1.656741 0.1121895 -0.967281 
1.10971 2.736902 1.095001 
2.086625 -2.83913 0.6935958 
1.680622 0.02878019 -0.9762013 
2.696256 0.6007622 -1.141021 
-0.03172961 0.9104347 0.6970782 
3.028444 1.383856 0.8786185 
3.315283 1.363823 -0.6034828 
-3.046298 1.828799 -0.6332073 
-3.141572 1.615078 -0.6636168 
1.764874 2.805396 0.9139048 
-2.828123 2.152412 -0.6256171 
-0.9114707 3.262911 -0.8279293 
-3.447607 -0.511145 -0.7216247 
-3.027928 1.342714 -0.9053949 
0.8395737 -2.538332 1.157833 
0.7663723 -2.314637 1.161726 
-2.013798 3.066501 0.3917614 
2.722958 2.068602 0.8098558 
1.41617 -1.216528 1.0395 
0.0002246018 -2.846726 1.130669 
1.768493 1.110036 -1.102514 
-3.561707 -0.4351216 0.5840162 
-1.107347 1.028308 -0.9113826 
2.260602 2.653409 0.7472871 
-0.3753023 1.054421 0.7683859 
1.185294 -2.169182 1.159885 
-0.72465 0.8287307 0.7607845 
1.820503 -0.3896354 -1.039348 
3.175699 1.47278 -0.7207429 
2.632767 -2.058251 -0.8667703 
-0.01746753 3.254108 0.9474077 
1.274987 1.921752 -1.144544 
-0.7996582 1.36417 -0.9389529 
1.345316 -0.8606485 -0.947523 
-2.477476 -0.1156855 1.163893 
-3.260083 -0.5688428 0.9021263 
-2.432013 -1.853288 -1.063875 
3.087803 -0.5835935 1.010966 
1.460924 -0.9886233 1.008937 
2.662978 1.532187 1.059339 
0.6122579 0.213494 0.6259482 
-1.805267 0.2327137 -1.023076 
1.351771 -3.410283 -0.4086184 
-2.77398 -1.184534 1.074099 
-1.776627 -1.724594 -1.164065 
3.454606 0.2757526 -0.7660449 
-3.139411 0.5083004 1.002726 
2.933307 1.633404 0.8593839 
2.747425 1.680661 0.9743106 
-1.761882 2.781679 -0.925857 
0.8888385 3.467823 -0.5937757 
-2.007388 0.3983847 -1.090193 
2.480901 -0.03128496 1.166287 
-1.944847 2.235291 1.100226 
-1.162315 0.6661938 -0.8445408 
1.870094 -0.5714344 1.068805 
2.072928 3.11282 0.06107784 
-0.5092477 -3.609237 0.444608 
-0.1440604 1.067851 0.7516795 
-0.339787 2.054921 -1.101308 
-2.478454 2.742439 -0.309053 
-2.521301 -2.551692 -0.568141 
2.206964 0.924901 -1.162215 
0.3146463 2.601608 1.164708 
1.743673 -2.189782 -1.135684 
-2.456233 -1.0792 -1.15878 
1.122581 1.014551 -0.9137247 
-1.036508 0.8358046 -0.8411514 
0.624772 1.317272 0.9001906 
-0.8267298 -2.545818 -1.162791 
1.224887 3.423367 -0.4985883 
-1.571469 -0.2932613 0.9465228 
1.67336 2.636081 -1.03401 
0.01609826 -3.731062 0.1187677 
0.7673292 2.855277 -1.108448 
0.3076443 -2.29267 1.15039 
0.4129774 -2.487024 1.168024 
1.063997 0.3218277 0.7661618 
-3.31407 1.080513 0.7380642 
-0.398862 -3.614572 -0.4760653 
-3.428124 -0.2875979 -0.7754492 
1.429614 2.324396 -1.155084 
0.179504 -1.715756 -0.9931697 
3.592169 -0.3036702 0.5475062 
1.900228 -2.564228 -0.9885459 
-2.373944 0.9144741 1.158544 
3.356639 -0.8020558 -0.7720701 
-2.584398 -0.9946192 1.144209 
-1.579063 -0.08778435 -0.9392058 
0.3481248 0.1349542 0.5756656 
-2.567176 1.880149 0.9886728 
-1.389215 -0.04552321 -0.8643699 
-1.699303 2.172177 -1.142574 
2.357118 -2.35046 -0.8892254 
1.934096 0.2081259 1.066118 
2.430922 2.702253 -0.4984603 
2.498438 2.730177 -0.3126483 
-2.746062 -2.488538 -0.2434862 
-1.540835 -2.019321 -1.164013 
-1.126199 -0.7828755 -0.8582305 
0.4698419 -3.677567 -0.2785077 
3.042186 2.157061 -0.1559556 
0.5484623 -1.143776 0.8212251 
2.458614 -0.4183883 -1.160146 
0.5610434 2.450527 -1.168353 
-0.04302599 -1.772024 -1.009864 
1.781162 3.262802 0.2441376 
0.3326087 -2.493999 -1.166573 
0.5095311 3.129146 1.008603 
-0.02679664 3.158314 -1.009424 
0.172726 -0.9841034 -0.7295319 
1.98865 -1.405547 1.159438 
-3.269525 1.802461 -0.1455378 
3.568972 1.123711 0.06322944 
-1.73656 -0.1512087 1.000687 
1.022629 2.476749 -1.167148 
2.197946 -0.9280477 -1.151585 
1.227686 3.526673 0.146038 
0.7831106 -0.8729798 0.7850722 
-0.5726528 3.691207 -0.08077426 
-0.1979216 -0.1932314 0.551819 
1.750697 1.459162 1.140849 
-1.53135 3.381483 0.2263509 
-2.605731 1.206573 -1.117285 
0.9665229 -1.360126 -0.9740703 
-3.069931 -1.03298 -0.9561808 
-2.202166 0.2325902 -1.131599 
-0.01780272 3.709157 -0.2735242 
2.165242 2.944516 -0.4506822 
3.168389 0.9679644 0.9046766 
2.933257 -2.335956 -0.05544946 
3.278074 -1.724068 0.2940705 
2.566549 1.914546 -0.9861825 
2.481824 2.795165 0.07252038 
0.2709219 0.5855558 0.6267653 
2.582183 -0.240632 -1.160007 
0.0229322 -1.147965 -0.7798983 
-1.490778 -1.462585 1.102864 
1.393859 3.476096 0.03157977 
3.704182 0.3814869 0.2324777 
-0.4518727 0.8726165 -0.7202506 
1.373745 2.501783 -1.135017 
2.67283 2.480626 -0.4520159 
2.105467 3.057544 0.2655597 
1.357671 -2.758336 1.05031 
2.035632 2.411947 -1.00782 
3.663287 0.7802924 0.1203169 
-0.404776 -3.275011 0.9158348 
-0.5292479 -3.391701 0.7863048 
-1.712841 -3.185981 0.5176991 
2.798595 2.422361 -0.2903684 
-0.04592726 2.367859 -1.151563 
-2.228015 -1.320554 1.153955 
-1.540994 1.957188 1.16113 
1.842643 2.449644 1.058849 
-0.4230519 -1.980345 1.088427 
-0.8194568 2.71789 1.131999 
-2.732931 1.42073 1.046328 
1.986078 1.43492 1.162253 
0.4967847 -1.751497 1.027523 
-2.714916 -1.45309 1.044885 
0.6253237 -2.793353 -1.134153 
-1.805236 -3.25808 -0.1357886 
-2.447042 1.696969 1.078382 
-0.6364334 -0.8596951 0.7458252 
-1.072556 3.510545 -0.3470362 
-0.07942599 -0.6319546 0.6195148 
-3.56175 -0.562896 -0.5391491 
-0.9066039 0.2637285 -0.7077801 
-0.09155077 -0.9327074 -0.7101565 
-2.956245 -1.744316 0.7819801 
3.344835 -0.6175402 -0.8290651 
1.600857 -0.3815556 -0.9646196 
-1.192565 2.750945 -1.087588 
-1.465361 2.247708 -1.155217 
0.335276 3.66327 0.3743913 
-3.249256 1.853031 0.0321894 
1.22676 -1.321174 -1.01952 
1.438442 -1.191955 -1.041135 
-0.9715482 -2.147501 1.156882 
-1.712593 1.928246 -1.158594 
-0.825659 2.153317 -1.146691 
2.818555 0.1137886 -1.136001 
-3.181123 1.913602 0.2361886 
-0.02273137 -2.75889 -1.155728 
-1.872086 1.369913 1.139553 
-2.944734 1.851247 0.7399531 
-1.302352 2.601337 1.115014 
-2.26047 2.72116 -0.6499542 
-1.768831 1.384885 -1.132873 
-0.2442826 -2.725412 -1.162082 
-3.444462 0.9447482 0.6114985 
1.575034 -2.124295 1.167168 
-0.7535382 -1.243476 -0.8896115 
-1.997796 -1.241351 1.144996 
-0.4580172 1.573153 0.9605229 
0.351728 -0.8247201 -0.6948211 
1.836805 -2.347077 1.096542 
2.299409 -1.660625 1.139717 
0.3970257 -2.832275 1.125359 
-1.058894 0.05037324 -0.747442 
-1.634347 -2.543075 -1.078586 
2.884553 2.379329 0.08919425 
0.8323146 -0.4645591 -0.7057413 
0.2812884 1.275101 -0.8374844 
-1.060957 1.682286 1.079675 
1.721065 3.252657 -0.3712614 
-1.433041 -2.657275 -1.075077 
-0.1226022 0.7243666 0.6470659 
-1.13634 1.857617 1.126148 
-2.12039 2.796839 0.7001609 
-0.6574515 -1.67318 1.017554 
3.335842 -1.530185 0.4070279 
-2.201054 0.8711441 -1.14967 
2.261573 -0.09442749 1.143693 
-1.986255 0.83024 -1.115518 
0.6731417 -3.652937 -0.2452507 
1.235225 1.908319 1.142216 
-0.2115213 0.523768 0.6067198 
-2.557286 -1.672588 -1.064426 
-1.173507 -3.546915 0.09888862 
-2.924164 -2.074418 -0.5854891 
0.06440011 3.327286 -0.8951403 
0.6719479 -3.194929 -0.9506446 
-1.817836 -2.199028 1.128759 
1.20107 0.655891 0.8626255 
0.124761 -3.221129 -0.9785261 
-3.329146 0.8537723 0.7892795 
0.4360545 0.3975285 0.6121048 
2.477763 -1.014577 1.148828 
-2.680468 -2.000736 -0.8773916 
1.886482 3.230291 0.04270454 
2.133799 1.619689 1.159955 
-3.343308 0.7319072 -0.7801312 
3.572697 -0.6336881 -0.5055179 
3.586171 -0.8267221 -0.3875796 
-1.635063 1.490893 1.127491 
-2.273565 1.091387 -1.155375 
-3.690698 0.02094776 -0.2796179 
-3.661429 0.2553823 -0.3583049 
-3.148753 -1.619742 0.6401396 
-2.903489 -0.6833631 -1.097334 
3.096614 2.026644 0.2919051 
-0.5826471 0.07695044 0.6037346 
-3.143849 -1.944737 -0.3042391 
-0.5313583 -3.688471 -0.03690071 
1.425999 1.079698 1.015971 
-2.110089 -2.765537 0.7357046 
-1.327249 1.143286 1.002918 
-1.909966 -2.874749 0.7690618 
-0.8636626 0.3674487 0.7026844 
-1.999115 -2.495182 0.9911141 
2.633406 -2.049538 0.8824834 
1.267867 -1.92502 1.145223 
0.1391867 -1.527443 0.9225828 
-0.02783512 -1.386088 0.8661674 
-0.904514 2.319224 -1.167165 
1.892748 3.17013 -0.3340379 
2.673318 -0.4460557 -1.149053 
-2.129686 3.056363 0.1911918 
-1.032669 -2.839701 -1.081529 
2.335493 -2.869119 -0.3140053 
1.945421 -2.99351 0.617783 
1.995146 -3.074697 0.4133018 
0.1574666 -3.734529 -0.0527395 
-0.159303 0.1489494 0.5521088 
0.2272689 2.170017 1.126843 
0.01422541 2.121195 1.112151 
-0.4139605 -1.759762 -1.021475 
1.594446 -3.32174 0.3617369 
-0.2920911 -1.855222 1.044125 
0.06288547 -0.531171 -0.6035811 
-1.962933 2.963073 0.6192641 
1.931812 -2.531555 1.002417 
0.06188554 2.321303 1.150395 
-1.497227 1.107136 -1.037023 
-3.363145 -1.281095 -0.5348654 
2.499628 -1.680731 1.078826 
-2.061419 -1.471952 1.155711 
1.642015 1.696014 1.152042 
-3.233719 0.0835136 0.964525 
0.9014802 -1.317836 0.9460803 
0.7841666 -1.101164 0.8528015 
0.5642743 0.8549851 -0.7318967 
0.2486202 -3.601253 0.5409777 
-1.50883 -3.248036 0.5957289 
-1.107859 -3.014147 -0.9805551 
-3.638965 0.6696525 0.3148977 
-3.193061 -0.1579638 0.9846287 
0.7334679 1.016598 -0.8154623 
-1.571894 -0.7591577 0.998162 
-1.549183 -1.006465 1.032301 
0.6255378 -0.9759216 0.7803121 
0.3402856 1.921456 -1.065568 
2.491036 1.176418 -1.14518 
-0.2979418 0.453346 -0.5990936 
3.453237 0.776597 0.6663125 
1.169849 -1.733687 -1.103784 
-1.588564 -3.353288 -0.236212 
-0.217279 -3.378782 -0.8391179 
1.118039 -3.329701 -0.6979133 
1.496027 2.659094 -1.067276 
1.677244 -3.305652 -0.2940337 
-2.005499 -3.149777 -0.00486691 
-0.372501 3.668504 0.3391943 
-0.3093199 -3.508901 -0.6672252 
2.12974 -1.652023 -1.142269 
1.481388 -2.498876 -1.112994 
1.04737 -2.585246 1.141872 
3.737119 -0.1335206 -0.04268336 
-1.52026 -2.221725 -1.159145 
-2.782705 2.348927 -0.4554888 
1.654902 -1.994175 -1.15958 
2.458433 -1.908051 -1.01799 
1.169474 -2.312945 -1.161039 
1.314195 -2.135832 -1.162648 
-1.152997 -1.935907 -1.139796 
-1.919497 -0.2605414 1.062972 
2.664385 -1.858352 -0.944146 
3.102232 -1.376782 -0.825817 
-1.066955 -1.699073 1.081969 
0.2101103 -1.085052 0.7602018 
2.708939 -0.001112555 1.160912 
-2.802946 -1.281687 -1.048615 
-3.504815 0.100739 -0.7008916 
1.276109 -1.077051 -0.9740468 
3.610659 0.8991171 -0.2384672 
-0.2594936 -0.8245625 0.6811396 
0.4160148 -0.9683641 0.7448504 
0.9645448 -0.8005395 -0.8148167 
2.292789 -0.807413 1.152676 
0.2944813 -0.60423 -0.6320689 
1.755187 2.057973 1.159224 
2.935058 2.158093 0.4558466 
-1.28926 2.10087 -1.158913 
-1.70606 -2.890109 -0.8668233 
-2.049686 -2.780563 -0.7663355 
-0.8721471 -2.665746 1.145163 
-2.893871 -0.0299552 -1.122466 
-2.673443 0.02969502 1.158336 
-3.616356 0.06034326 -0.5055093 
-2.087554 2.123553 1.095618 
-3.089577 0.2999907 -1.042933 
-2.215774 0.383808 1.144761 
-0.6760705 0.4365933 0.6609139 
1.439407 0.6276655 0.9389188 
1.296207 0.4071852 0.8591586 
1.071355 -1.978068 1.137713 
0.2273559 1.129361 0.7818913 
2.015416 1.090778 -1.145788 
-1.762462 -3.248441 0.3034183 
-2.249783 1.130309 1.157087 
0.4650096 1.628056 0.9860082 
-3.315459 1.642177 -0.2856104 
-3.051737 1.614914 0.7735778 
0.6761356 1.653168 1.016499 
2.478445 2.113665 -0.9496971 
-2.662727 1.950745 -0.9127315 
-1.947706 2.023819 1.137233 
0.3895953 2.007601 1.094569 
2.050236 -0.9278087 1.132425 
1.868063 1.655168 -1.163981 
-0.2291068 2.80004 -1.139833 
0.5193871 2.81773 -1.12775 
-0.08287752 2.887107 1.116418 
-0.9963559 2.755599 1.107699 
-0.4735398 3.051243 -1.04156 
-0.8108084 -1.641215 -1.028414 
1.890178 3.056674 0.5791928 
-1.053192 -2.137118 -1.159434 
1.573442 3.395436 -0.06678338 
1.392921 3.456279 -0.1951423 
-1.015735 3.577755 -0.1439228 
-0.8478341 3.576549 -0.3302833 
0.5180604 3.674273 0.2578694 
0.4581435 -3.624217 0.4344773 
-0.8439386 -3.614518 0.241411 
0.3078792 -2.672552 1.157485 
1.241773 -1.9341 -1.145 
-1.289195 -1.583698 1.09095 
-0.3051349 -0.9927855 -0.7391074 
-3.594826 -1.038037 0.0214094 
0.149298 -0.6745588 0.6347268 
-1.277743 -0.4663149 0.8557849 
3.474581 -0.169802 0.7298791 
-0.4140342 -2.804929 1.139361 
1.563387 -1.608689 1.134409 
1.613334 1.939968 1.16576 
-1.053801 2.418929 -1.164019 
3.647184 0.7032514 -0.2719904 
-3.621667 -0.9085609 -0.132581 
-0.9381751 -3.548302 0.4018997 
-3.525297 0.448769 -0.6344784 
1.186836 -3.551132 0.01504485 
1.782271 -3.177873 -0.4636418 
-2.818069 -0.9270226 1.093379 
1.587462 -3.161993 -0.6508756 
-2.495025 2.786894 -0.112373 
-2.061527 -2.592386 -0.9016068 
0.5023153 -2.684136 1.153943 
-2.590945 -2.364539 -0.689581 
2.804801 -2.49071 0.02551701 
2.472527 -2.456537 -0.7345701 
-0.9426401 -2.334209 -1.16795 
2.923445 -2.297579 -0.2778785 
-2.711532 -2.258051 0.6738938 
2.933728 -2.104007 -0.5522727 
-0.9368352 -1.963297 -1.1259 
-0.8050188 -2.016855 1.126308 
0.9300723 -2.133312 1.149476 
1.617503 -1.069851 -1.063442 
-3.019009 -2.045522 0.4640593 
-2.92715 -1.978887 0.6659114 
2.962104 -1.747479 -0.7809995 
2.68055 -1.821621 0.9607786 
-1.59105 -1.78896 -1.156263 
-1.236 -1.75932 -1.118352 
2.796884 -1.352267 1.026558 
-1.174371 -1.307167 -1.001068 
1.026027 -1.111755 0.9134953 
1.167979 -1.323276 1.005639 
-3.332886 -1.644889 -0.1774734 
2.883831 -1.121205 -1.033444 
-0.4962504 -0.9353275 -0.7467963 
2.007389 -0.7902095 -1.118214 
0.7804115 2.149476 -1.147084 
-1.510634 -0.8075534 -0.9874856 
-2.486509 -0.5982345 1.157799 
-3.362713 -0.7448171 0.7851635 
3.63825 -0.723333 0.2809423 
-2.500267 -0.6871276 -1.169226 
-2.97383 0.6738139 1.065432 
-2.947526 -0.4494405 1.086075 
2.552639 2.210669 0.8603274 
0.5726886 2.249949 -1.151145 
-1.756226 0.4881662 1.029373 
2.331376 0.5922791 -1.156137 
2.040707 -0.02083969 -1.091476 
2.605509 0.1373474 -1.16074 
3.419661 0.3007616 0.7848848 
-1.772342 1.880109 1.158567 
2.768033 0.1827369 1.149745 
-1.536086 0.5118732 -0.9508865 
-1.397637 0.2945595 -0.8791394 
3.582402 0.6485936 0.4877362 
0.9018811 0.4817378 0.7357987 
1.803741 0.8156353 1.074976 
0.6720469 1.075716 0.8253297 
2.243947 2.494048 0.8801693 
-0.5691405 -1.059126 0.7939862 
0.0007762358 0.9929072 -0.7239538 
3.528108 1.152213 -0.2956252 
1.273537 1.507389 -1.071 
-1.358647 1.226752 -1.027087 
2.329933 1.332982 1.161781 
-0.793433 1.388249 0.9482917 
-0.8979236 1.584379 1.026655 
1.026865 1.53227 -1.032261 
3.560889 -1.133497 -0.1183339 
0.01417773 2.784372 -1.139907 
-2.218709 1.742974 1.124845 
-3.169265 1.974853 -0.1220834 
-1.863413 2.034098 -1.143409 
-1.797253 2.357294 -1.096407 
2.232112 2.498854 -0.8679218 
-1.019634 2.302258 1.163463 
-2.628058 2.512312 0.4872032 
-2.77419 2.45276 0.3101989 
-0.5008861 2.382608 -1.163281 
0.9325723 2.884192 1.065914 
1.046729 2.517412 1.14772 
1.08986 2.679833 -1.12932 
1.415782 2.967435 0.9280176 
-2.469225 2.782104 0.2401045 
-0.3025509 2.965484 -1.094591 
2.566817 2.683347 0.2694394 
2.408732 2.833347 0.2474932 
1.116284 3.102049 -0.9241851 
-1.802564 3.124874 0.5239179 
1.937872 2.073187 1.134037 
1.565539 3.388696 0.1772331 
1.823217 -2.386343 -1.078306 
-1.399755 3.456606 0.02095089 
-1.242581 3.500222 -0.1735068 
0.8816583 3.613855 0.2181766 
0.5284964 3.603667 0.4697395 
0.1810552 3.632746 0.4842159 
-0.7357587 3.5961 0.4147513 
0.1467255 3.72885 0.03107491 
-3.668585 -0.6846731 -0.1062911 
-2.330863 -0.1187527 -1.155286 
1.178286 1.047613 0.9415901 
1.845336 1.233532 1.131552 
-2.899197 1.494275 0.9465054 
-2.342673 -2.90197 -0.118334 
1.347699 -3.033777 -0.9021225 
-2.485895 -2.790821 -0.07052016 
-1.108205 -2.680377 1.118845 
-3.524622 -1.230621 -0.04248198 
3.075869 -1.160928 -0.9152571 
-2.288187 -0.4876311 1.146762 
-2.655967 -0.3619445 -1.164226 
3.491361 -0.3873911 0.6903607 
-3.537015 0.8813284 -0.4411395 
-3.162574 1.15774 -0.8574156 
-1.523947 1.349668 -1.087072 
1.405639 1.295963 -1.054597 
-1.285945 1.486927 1.073373 
-3.351338 1.6578 -0.04610192 
-0.6734931 1.734446 -1.036651 
-0.6546192 2.151026 1.133471 
-2.690334 2.13142 -0.7897276 
1.626989 2.966553 0.8503624 
0.9253712 3.176185 -0.9154847 
1.055302 -0.2784503 0.7558069 
0.5209311 3.561133 -0.5614909 
2.395586 -2.874275 0.1258299 
-2.526025 -2.715529 0.2781833 
2.365895 -1.671141 -1.099817 
-0.9338377 -1.12021 0.8919762 
2.377057 -1.052476 -1.155551 
-1.920756 -0.5040251 1.07545 
-0.373801 0.12009 0.5693722 
2.91133 0.3067989 1.111289 
2.701608 0.3702644 1.155014 
-1.714865 0.6253522 -1.024004 
-1.286358 0.4857487 -0.8587088 
0.7928822 1.570745 -1.004392 
-0.8366578 1.577452 -1.012699 
2.381605 2.131894 0.9930893 
-0.6460841 2.543808 -1.166213 
-0.4285346 3.624287 -0.4418554 
0.1686672 3.721956 -0.1800405 
1.26391 -3.378394 0.5545284 
-0.5943336 -3.659023 0.2166257 
2.672582 -2.621646 0.1176616 
-1.376326 -3.471822 0.1250778 
-2.392845 2.168188 -0.9659616 
-2.554086 2.110124 -0.9083766 
-3.645534 -0.3940557 -0.3889273 
-2.360788 -2.468833 0.8144045 
0.4177537 -2.096949 1.118232 
-2.414088 -2.724721 -0.4597625 
-1.848199 0.2676006 1.044778 
1.255643 -2.772728 -1.065711 
0.9981957 -2.361793 1.162576 
0.3235375 -1.468847 0.9112015 
2.656164 -2.581223 0.3197887 
1.456021 -2.675445 -1.061019 
-2.876702 -0.6805761 1.089825 
-3.4694 0.7141812 0.6585498 
2.70924 -2.330939 0.6163228 
-0.1829571 -2.031648 1.092137 
2.924254 -2.002285 0.6540504 
-2.877493 2.383554 0.1579234 
-2.916353 2.286488 0.3143207 
-3.637998 -0.7535563 0.250016 
-3.067727 -2.09587 0.2453359 
-2.477205 1.972273 -1.004477 
-2.126128 0.0449104 1.118509 
-2.284508 -0.02944336 1.149134 
-1.177699 -3.421497 -0.5277128 
-3.667921 0.704139 0.1090705 
-1.332904 -1.111926 0.9949955 
-1.444175 0.9022503 -0.9823977 
1.180625 -3.491355 -0.3565779 
-0.3767407 -3.52802 0.634497 
-0.3052797 -3.633367 0.4507482 
-3.717963 0.105768 0.1501758 
2.43739 -2.591491 0.6364781 
0.4523135 2.23176 1.141502 
-3.494992 0.4762564 0.6798906 
0.9750909 1.420351 0.9948658 
-1.12293 2.6302 1.129794 
1.060862 1.228188 0.958419 
-1.851023 1.59364 -1.155972 
3.334924 1.400261 0.52112 
0.677126 0.4435566 0.6699347 
1.218304 3.492142 -0.3235133 
3.200711 0.7561651 -0.9248707 
-0.6580864 0.7999431 -0.7323305 
-3.269165 -0.2210438 -0.9287042 
3.24496 0.3955746 0.9358444 
0.06969781 -3.397095 0.8277502 
-0.6911781 3.151634 -0.9586632 
-2.354556 -1.672943 -1.12568 
-0.2273354 2.647439 1.156721 
0.3331352 3.439052 0.7694461 
1.831394 2.948024 0.7614439 
-0.7453809 -3.576396 0.4274186 
0.8456619 -1.702044 1.052466 
-3.1584 -1.90396 0.3390817 
2.754108 -0.3932022 1.143003 
-2.58579 -2.610886 -0.364371 
-1.617784 2.398061 -1.120756 
1.735831 -3.296028 0.1720378 
-1.184822 -3.143857 -0.8736147 
-0.4856921 -3.102922 1.022344 
-3.480743 -1.228024 -0.2943037 
2.105684 -2.938773 0.5338306 
-2.748922 2.52912 0.06509151 
2.021429 -2.698434 0.8645818 
0.7646793 1.460866 0.9703761 
1.264576 1.706421 1.114226 
-1.637704 0.3049817 0.9737136 
-1.515264 -2.556406 1.095505 
2.542964 -0.4132869 1.165913 
2.656594 -0.5916345 1.149541 
0.1988642 -0.8846877 0.6947382 
-2.543989 -2.351675 0.7576078 
-1.301769 -2.116813 -1.167139 
2.877565 -2.195185 0.5358831 
3.011184 1.578269 -0.8268026 
3.036599 -2.188112 0.0909087 
-0.3771356 -2.226436 1.14006 
-0.1190884 -2.267565 1.143402 
3.049234 -2.157769 -0.1449399 
-0.3618624 1.467652 -0.9140555 
3.482059 0.5112481 -0.7055934 
-0.6618455 3.546132 -0.5261661 
2.644321 -1.190639 1.108104 
-0.3475207 -1.059499 0.7630869 
3.335263 1.208891 0.6423308 
2.885397 -0.4774866 -1.102719 
3.166958 1.851938 -0.3946677 
2.237181 -0.549498 1.146988 
-3.443879 -1.302438 0.3701322 
0.7655123 -1.511458 0.9828154 
0.2428939 -2.097495 -1.109209 
-3.347672 -1.268381 0.5983658 
0.9949567 -1.528254 1.02647 
2.545154 -1.187841 -1.1284 
-3.335164 -1.091144 -0.69407 
0.01947267 -1.175193 0.7853644 
0.2086841 -1.305988 0.8419768 
-0.6653145 1.572689 0.9861505 
-3.562054 -0.9853587 -0.3160495 
3.060839 1.930452 0.5067391 
-0.9334002 -2.993104 1.023152 
-0.6393027 -1.099573 -0.8225634 
-1.649697 -0.6113032 -1.004671 
1.865082 -0.7948831 1.086269 
0.9591842 -0.7771993 0.8065915 
1.134458 -0.6890656 0.8428069 
1.790724 1.868867 -1.162942 
1.945844 2.818162 -0.79829 
-0.7296781 -0.4259134 0.6721773 
-3.477674 -0.2517666 0.7311301 
0.4716037 -0.4539464 -0.6246458 
1.434926 1.820494 1.149802 
-0.5214943 -1.979786 -1.094982 
2.969131 -0.3742905 1.084968 
3.172836 -0.3655594 0.986826 
2.57207 2.256138 -0.8046405 
-0.4747473 -0.2318565 -0.5957872 
-1.907139 -1.177881 -1.139257 
-3.609407 -0.1673872 0.5249854 
-2.693798 -0.1407769 -1.161236 
-2.702239 0.08420947 -1.160432 
-0.7194374 2.34024 -1.163903 
0.4136357 0.997979 0.7571255 
0.9403222 -0.1081543 0.7064528 
-0.1989141 -1.468577 -0.9039706 
3.642519 0.1315228 0.4656544 
1.289987 2.690448 -1.096757 
1.227974 0.1488175 0.8125851 
1.394096 0.3452258 -0.8835948 
1.531185 0.1930466 -0.924327 
0.7310185 3.392608 0.7466004 
3.361006 0.5652009 0.8161101 
-2.637149 -2.411376 0.6010829 
-2.588517 2.389813 0.6818174 
0.749554 0.6564742 0.7281169 
3.372062 1.56915 -0.2313702 
-1.285304 0.7321984 0.9037679 
-1.06061 2.18412 -1.158936 
-0.953243 1.976407 -1.126195 
2.079019 1.609077 -1.16035 
-2.373544 1.340808 -1.143066 
-1.641281 1.573352 -1.137395 
-3.059082 1.514652 -0.8123037 
2.711567 1.54478 -1.030252 
3.135553 1.698267 -0.6132682 
-1.821983 1.638031 1.15347 
-1.138245 1.982686 -1.142663 
2.837876 1.848628 0.8363085 
3.010267 1.793763 0.6968697 
0.08806425 1.764065 1.010979 
0.6242152 2.059839 1.117186 
3.2081 -1.692518 0.510724 
-0.8831779 2.135481 1.147499 
-2.663967 -0.743169 1.138722 
1.380425 -1.462075 1.081386 
0.1544365 2.541536 -1.158408 
-1.394199 2.656111 -1.092214 
-2.306324 2.825903 -0.4483206 
-2.198725 2.968214 0.3396085 
-1.383822 2.40379 1.145685 
-1.745849 3.116015 -0.5951211 
-0.3203801 3.439576 -0.7609356 
0.772119 -2.430423 -1.166288 
1.388291 3.393667 -0.4139566 
-0.4381281 3.535108 -0.6179379 
-1.378206 0.06990774 0.8637859 
-0.2739912 3.715137 0.1159011 
0.00708928 3.73458 -0.09292503 
0.06087035 -3.654745 -0.4387153 
1.07205 -3.372797 0.6593724 
0.9738831 -3.274962 0.8074767 
1.890162 -1.620473 -1.151804 
-0.2698199 0.2363764 -0.5673789 
0.3728222 -0.7287976 0.6718536 
-3.505596 -0.6847596 0.6189379 
-3.609606 -0.6151033 0.4263717 
-3.649202 -0.3843491 0.3888566 
-0.6195865 2.808403 1.118069 
1.693814 -0.5867643 -1.017134 
1.146412 0.7555963 -0.8596296 
1.09623 0.5388247 -0.8007573 
2.029814 0.8000033 1.124845 
2.242289 -1.0813 1.156036 
-2.639142 1.239609 1.100441 
0.1667483 1.963344 1.074792 
2.803853 -2.465862 -0.1960096 
1.719156 3.323791 0.0461928 
-2.483256 2.686417 0.443463 
2.23324 2.815411 0.581793 
2.41364 2.762857 0.4248696 
0.9314444 3.287811 0.8030955 
-2.165962 2.907071 0.5083572 
-0.9909529 -3.518837 -0.4376214 
-0.35912 -3.680483 0.2763211 
0.6462262 -3.542438 0.5466325 
1.017842 -3.515419 -0.4270784 
-1.662289 -3.346416 -0.03015645 
-1.343022 -3.381898 0.4808457 
-1.16117 -3.359938 0.6317914 
1.404084 -3.241886 0.6753976 
-1.226428 -3.214292 0.7858325 
-2.251567 -2.961973 0.2272925 
1.486224 0.5392294 -0.939196 
1.56776 -2.742611 1.004296 
2.53642 -2.758761 0.01402503 
3.500707 1.022148 -0.4712952 
-1.261563 -2.852684 -1.031417 
-2.410184 -2.499916 -0.74071 
-2.450245 -2.301327 -0.8544089 
-2.163072 -2.583034 0.8589627 
2.57296 -2.536031 -0.5414591 
-2.927623 -2.23457 0.3723854 
-2.770427 -2.343618 0.491708 
2.033061 -2.402427 -1.013234 
-2.277199 -2.230253 -0.9861292 
-0.3129721 -1.981885 -1.083493 
-1.484607 3.391033 -0.2307379 
2.812527 -1.930939 0.8185192 
-1.026995 -1.932396 1.12726 
3.244864 -0.5666053 0.9107621 
-2.956848 -1.886496 -0.7066622 
2.032026 -0.3926328 -1.099132 
3.484373 -1.339553 0.1401815 
-0.598329 -1.576567 -0.9783109 
2.948936 -1.548145 -0.880683 
2.92254 -1.337204 -0.9652427 
-3.096599 -1.280138 0.8731374 
-3.295269 -0.9695182 0.7891745 
-2.166815 -1.087317 1.153598 
-2.297108 -0.7186992 1.152877 
-0.5413328 -0.7062792 -0.6933412 
-1.443881 -0.4255312 0.9111164 
-1.428942 -0.596108 -0.9263715 
-2.053872 2.650536 0.8694359 
-1.362196 -0.2111622 0.8638102 
0.7876223 0.04756496 0.6609983 
1.958467 0.6202857 -1.096426 
3.233667 0.5389702 -0.9387953 
-2.455947 2.575109 0.6374466 
2.888659 1.200272 -1.020213 
-2.351367 1.912931 1.06458 
-2.58367 1.773551 -1.020652 
2.350363 2.625494 -0.6800668 
2.459496 2.441991 -0.7559429 
3.29716 1.740058 0.177273 
2.377689 2.303592 -0.9094902 
1.90401 2.639842 0.9570861 
2.637593 2.376371 -0.631614 
-2.252254 2.10819 1.043031 
1.47451 2.614552 1.088363 
1.259835 2.577742 1.123777 
-1.972886 2.422208 -1.02468 
-2.632484 2.565507 -0.3760327 
-1.569859 2.91442 -0.9154128 
-2.333435 2.842763 0.3899001 
1.870704 2.992057 -0.6692467 
0.533013 -2.292425 1.155806 
0.3665492 3.694741 -0.2595794 
-0.1313698 3.692161 0.2991167 
3.440129 1.218686 0.4569126 
-0.3642995 2.833384 1.12487 
0.8170474 -1.882599 -1.09495 
2.177459 -1.143472 -1.156899 
0.1091462 0.2876821 -0.5582335 
1.743585 2.908334 -0.832248 
3.020351 -1.089992 0.9658757 
-3.197575 -1.081418 -0.8473695 
3.634402 0.9209456 0.006627399 
0.4943978 2.463164 1.161454 
0.5206798 2.688637 1.148225 
0.4640707 -2.053095 -1.108092 
-3.228131 -1.720384 -0.4018529 
3.111277 -1.581442 -0.7204018 
3.605532 -0.9516142 0.1862056 
3.54477 -0.9067743 0.4237176 
-2.288768 -0.6651258 -1.159352 
3.426611 -0.5863082 0.7218331 
3.549114 -0.4872794 0.5696765 
-2.675581 -0.2137168 1.157199 
3.712628 0.06454174 -0.2433139 
3.647144 -0.0239744 -0.4577954 
-3.114083 0.518174 -1.005224 
2.5335 1.686897 1.073169 
3.12292 2.062218 0.04932513 
2.531399 2.367732 0.7723159 
2.412864 2.502961 0.7577152 
-2.314016 2.747119 0.5816847 
0.9561875 2.991327 -1.027095 
-0.9785339 3.412373 0.638727 
-1.143387 3.268637 0.758929 
-0.4086595 -3.012063 -1.075629 
-1.927328 0.008881311 1.063144 
-2.107288 -1.923828 -1.132553 
-2.385082 -2.033796 1.014111 
2.617362 -2.511142 0.5199829 
-1.585358 0.7465292 -0.9993845 
-0.9206711 -3.309567 -0.8025832 
1.086169 -1.75625 1.097505 
0.9005914 3.333974 -0.7719893 
-1.898191 -1.363895 -1.151832 
-3.504916 0.001547994 0.7058651 
-0.4923698 0.8600274 0.7234424 
2.675096 0.8398353 -1.142092 
-0.4820357 0.3172357 -0.6064829 
3.509032 -1.298207 -0.06690979 
2.255795 2.796453 -0.5739717 
-1.177434 -0.340745 -0.8056114 
2.244088 -0.4001241 -1.141342 
-3.677811 0.2273985 0.3475893 
-3.390752 0.1563306 0.837833 
-3.584219 0.5837873 0.5039034 
-2.886128 1.288384 1.012674 
0.7738011 -1.717753 -1.046029 
-0.6986321 2.569299 1.154699 
-0.1196133 -3.007622 1.081584 
-0.02233545 -3.199059 0.9832043 
-3.078925 1.946441 -0.462128 
2.806161 0.7930166 1.110903 
1.791731 2.239171 1.12824 
1.518406 3.25659 0.5680704 
0.5892233 -0.8602248 -0.7396341 
0.2955583 -1.890701 1.057166 
0.09953149 -1.74043 0.9998862 
3.553395 0.871087 0.4476385 
0.09080902 -3.707999 0.2764764 
1.420493 -3.462757 -0.02443006 
-0.7106279 -3.052902 1.023913 
-1.206964 -1.5629 -1.07165 
-3.192507 1.864529 -0.2991804 
0.3711097 0.6776923 -0.6506987 
2.12401 -3.057858 0.214978 
2.147763 -2.161048 1.073295 
-0.4636495 2.610576 1.154497 
-0.1500828 2.263105 1.138097 
-1.757775 -3.041731 -0.6907021 
-3.27791 -1.754668 0.2008138 
2.127192 1.361385 -1.157368 
2.489817 -2.685393 0.4347237 
2.025351 2.905459 0.6705403 
2.237099 -2.649579 0.7580018 
-1.061858 -2.504525 -1.158617 
-0.8720819 -1.571524 1.017599 
-2.059685 1.569564 1.151134 
3.588978 1.051664 -0.1335432 
1.961339 -2.212392 -1.092341 
3.111906 0.2400648 1.030815 
2.949682 0.05671343 1.106662 
0.7324504 -1.40165 -0.9432397 
0.5882707 -1.242897 -0.8640783 
2.557349 -0.7910154 1.151806 
1.631666 -1.119704 1.073161 
-0.5727631 -0.2761691 0.6154304 
2.412044 -0.8135152 -1.157978 
2.620634 -0.7928324 -1.144616 
-0.8232078 1.012486 0.8375075 
-1.735921 -1.234816 -1.113993 
0.8569755 2.114495 1.138655 
1.92996 0.3763096 -1.070639 
-2.911222 0.4356767 -1.102414 
-0.4471716 0.4871909 0.6256276 
2.160993 0.710668 -1.144425 
-1.72662 2.142656 1.146527 
-0.4182346 -1.137985 -0.8007272 
0.05030448 1.059828 0.7467085 
1.695125 1.03701 1.076808 
-2.985833 1.133559 -0.9965593 
-3.4866 1.247284 -0.2855676 
1.055051 1.779285 1.099643 
0.3684379 -3.720892 -0.04703389 
-0.5966853 2.726075 -1.141697 
-0.4487276 2.849512 -1.121005 
1.482294 3.115999 0.775735 
1.857896 -0.3360022 1.049943 
-0.07140137 3.460961 -0.7615468 
-0.9263036 1.801327 1.089329 
0.8558142 3.643253 0.01239284 
-0.4391465 0.105723 -0.5810088 
-0.97485 -2.82334 1.094683 
2.775674 -2.494445 0.2074577 
0.04749732 -1.952581 1.069052 
-0.2838765 -3.6756 -0.3372924 
0.3640096 -1.16631 0.8029959 
0.4380313 -1.323579 0.8692402 
0.737879 -0.3955355 0.6753845 
0.3956475 -2.728173 -1.155448 
0.5821285 -2.577461 -1.165009 
1.792946 -2.70458 -0.9556038 
-3.419281 1.176439 0.5379259 
3.261338 -0.4814391 -0.9187796 
-0.5328233 1.92038 1.076079 
3.561331 -1.147712 0.07183137 
1.658912 -3.342733 -0.06681345 
0.2475117 0.4534439 -0.589203 
2.390437 -2.422505 0.8260713 
-3.370104 -1.599982 0.04714708 
2.544459 -2.270808 -0.8177341 
-3.271689 0.5804964 -0.8946363 
-1.091496 2.087584 1.154838 
-0.7805076 1.956451 1.108227 
-2.278648 -2.011179 -1.068254 
-3.073411 -1.911956 -0.5121576 
-2.997583 2.238208 0.1164286 
0.5891869 -1.835992 -1.05929 
-1.513452 -1.243618 1.067576 
3.255406 -1.476911 0.6159135 
3.391432 -1.318007 0.4940504 
3.430411 -1.384244 0.3141031 
-2.150879 -0.8533527 -1.150061 
-2.074426 -0.6525261 -1.125568 
1.802535 -0.9374272 -1.088921 
1.20246 -0.3062564 -0.8090371 
-0.488042 2.979229 1.075402 
-0.06213463 0.1527078 -0.5480781 
-1.044154 0.4139357 0.7669134 
-1.060726 0.4699678 -0.7785787 
3.662296 0.5210295 0.3421141 
-1.447907 0.558768 0.9310055 
-1.842225 0.6957603 1.074728 
3.639788 0.7270126 0.2945314 
-3.266163 0.9511452 -0.8231094 
0.1125052 0.7561145 0.6558761 
3.105541 1.584981 0.7198469 
-1.118016 1.165476 0.9536577 
1.518121 1.495905 -1.1132 
2.531286 1.547637 -1.095596 
-0.0867115 1.746576 -1.000234 
-1.574162 2.72877 -1.023795 
-0.3008276 3.046914 1.057311 
-1.136941 3.303213 -0.7101909 
0.6739212 -2.072554 1.125965 
3.323953 -1.616737 -0.3003962 
-0.1245822 -1.025324 0.7341741 
-2.240792 -2.817535 0.551249 
-0.6020805 -3.114057 -1.009458 
2.450974 -2.180277 0.9364255 
0.6622352 -1.666675 1.018004 
-2.01787 -1.031645 -1.142964 
-1.06322 -1.104184 -0.9189729 
2.25709 -2.283853 0.9854475 
2.009895 1.82445 -1.154817 
-1.181461 -0.942819 -0.911238 
-3.28484 0.3667746 -0.9149184 
1.422448 -2.867767 -0.9824468 
2.882614 -0.5914653 1.095028 
2.361646 -1.477702 1.142452 
-1.750617 -2.815673 0.9058143 
-3.698469 0.500028 0.00489787 
-3.083663 1.970349 0.4303667 
0.8440629 0.2704454 0.6910605 
-0.6497549 -1.793537 -1.0542 
-0.6828959 3.315056 -0.8345854 
-0.5598886 3.430992 -0.7326247 
-2.933235 2.27238 -0.2597274 
-1.661188 -1.506996 -1.133592 
3.494996 -1.231031 -0.3037907 
-1.223404 2.54525 -1.139145 
-0.9365085 3.612009 0.06559414 
-1.166481 3.543629 0.04706969 
-1.981968 2.649548 -0.9055418 
3.467523 0.02773205 -0.7560576 
-3.52121 1.13569 0.3207281 
2.082047 2.99115 0.4763321 
-0.2453948 1.235072 0.8219508 
1.523944 -3.4016 0.166234 
3.527785 0.08739087 0.6649007 
-2.902764 2.353663 -0.03536562 
2.151119 1.994598 -1.109925 
0.6031147 2.988068 -1.069172 
-0.4064592 3.693521 -0.2272056 
-0.629595 -3.233174 0.9169359 
0.1715854 -0.06246186 0.550364 
2.338877 0.3740087 -1.152623 
1.917494 0.6101104 1.083716 
0.2047533 3.179534 -0.9936747 
-0.1891945 2.207923 -1.129867 
-1.501121 -1.683165 1.136649 
-1.352964 -3.172424 -0.775719 
-2.631813 -2.535778 0.430842 
1.393477 -2.075562 1.164184 
3.22199 1.264752 -0.7691941 
-0.3464954 -0.5809659 -0.6333212 
-3.703476 -0.3394852 0.1965835 
-1.14059 -3.291343 -0.741743 
-2.378178 0.6768557 1.165412 
-2.138656 0.9368778 1.14792 
3.233874 1.547531 0.582189 
-2.12433 2.897368 -0.5702047 
-0.2601268 -3.151158 1.010223 
2.855367 2.006362 -0.7193791 
2.947612 1.797019 -0.7658355 
3.291945 -1.243159 0.6922625 
0.3967581 3.640953 -0.4344087 
-0.6450522 -3.495693 0.6188734 
-1.657932 3.268226 0.3999905 
-3.375935 1.307403 -0.5082152 
1.96118 2.793971 0.8284196 
-3.102493 -1.707595 -0.6439968 
-2.266506 0.4668213 -1.145779 
-0.1976141 -2.166904 -1.124799 
-1.399579 -1.417774 -1.075201 
1.198347 2.538836 -1.150056 
-2.285501 -0.2523677 1.142884 
1.401808 1.71274 -1.127796 
-0.6122626 -2.671762 -1.156537 
-0.8181747 -2.78028 -1.124919 
3.434725 1.25965 -0.4560974 
-0.9811343 -2.671141 -1.139413 
-1.468973 3.086524 0.7996826 
3.573066 0.1269717 -0.6050787 
2.087838 0.04866856 1.106074 
-1.413734 -1.656198 -1.122111 
2.485617 -1.943377 1.011114 
0.238269 -3.358059 -0.8659552 
-1.849036 0.9990645 -1.104088 
2.216528 0.7871999 1.153675 
2.809745 2.174729 0.6405287 
2.670319 2.277568 0.710945 
1.176339 -3.421126 -0.5241498 
3.161462 1.723078 0.5472753 
0.6795216 -3.355081 -0.8067169 
-1.834035 -3.035412 0.6399888 
0.2629632 -3.076294 -1.060756 
0.004812538 -3.025758 -1.081151 
3.698854 0.564142 0.1225157 
-2.785013 2.469703 -0.1978834 
0.6924871 3.667326 0.1358614 
-0.9226503 -2.322282 1.168979 
-1.118547 -2.29722 1.16636 
0.1928747 -2.109225 1.113555 
1.407945 -2.281335 1.15616 
-0.5573396 3.59697 0.4836042 
-0.5235968 0.2810808 0.6070518 
3.387543 -1.224633 -0.5564002 
3.367948 -1.426478 -0.4286337 
-1.755423 2.563396 -1.038083 
2.334645 -0.593641 -1.155536 
0.3266737 3.27695 0.9287214 
-0.5118851 1.900899 -1.069968 
3.592245 0.3562024 -0.5470098 
2.691333 0.9672357 1.132838 
2.648682 1.717614 -1.012538 
0.9387745 0.9025612 -0.8341734 
-1.763649 0.4472824 -1.02162 
-1.897104 0.6245006 -1.077131 
-2.960566 2.007073 -0.594444 
-1.604552 2.363225 1.128784 
-2.163418 -0.0005075384 -1.123639 
2.067486 2.894206 -0.6310208 
-1.973741 3.051152 -0.4897656 
1.933664 3.134223 0.3783633 
1.618031 3.311155 0.3717597 
-3.661307 0.6918422 -0.1167781 
0.6123685 3.639622 -0.325599 
-1.696907 -2.360078 -1.116036 
3.57386 0.3038767 0.5830714 
-0.09796629 0.5664172 -0.6055323 
3.05123 2.053725 -0.3615859 
1.78624 -3.022804 -0.6898224 
2.974273 -2.21283 0.3183758 
3.511179 0.5116447 0.6472631 
3.099847 0.4081808 -1.031286 
0.5117732 -1.929682 1.082447 
2.582804 2.473628 0.612393 
1.49204 -0.4128825 0.9303885 
1.461261 0.1773963 0.9017684 
-1.750522 2.956493 -0.7925522 
0.05780653 0.4625862 -0.5793025 
1.832083 2.271889 -1.106943 
0.1594326 3.219133 0.9751047 
-3.702438 -0.49448 0.04189147 
-2.132865 2.284806 1.033453 
-2.534805 0.1577493 -1.170272 
1.191278 -3.260536 0.7484716 
0.5561012 -0.5557836 0.6640865 
-1.241781 0.8632715 -0.9112009 
0.9203551 3.436896 0.6248917 
2.177868 1.430554 1.165538 
-0.6180198 3.652248 0.2881165 
-2.523162 2.297248 -0.8103272 
-2.163252 1.450289 -1.158902 
3.565111 -0.06013435 -0.6205288 
-0.07019886 -2.347277 -1.155068 
1.798642 0.7694857 -1.070018 
3.499112 -1.028685 -0.468393 
-1.301608 -0.7810556 -0.9142721 
-0.6983196 2.914753 -1.079989 
2.442117 1.749185 -1.084978 
2.226391 1.783426 -1.130579 
1.744508 3.1978 0.4751227 
1.331187 3.31266 -0.610894 
-1.901647 -2.273303 -1.093735 
-2.262721 -1.829701 -1.121194 
2.15322 -2.965215 -0.424474 
-0.2193776 -1.826897 -1.03272 
-3.321317 -0.7122279 -0.8183702 
0.8837667 -0.2788296 0.6984025 
-2.073482 2.789914 -0.7453105 
-1.906751 2.833942 -0.817879 
-0.8338325 0.8123102 -0.7772689 
-0.2108849 3.577001 -0.5800819 
3.677126 0.307394 -0.319331 
0.10288 -2.668561 1.153903 
1.952988 -1.869705 1.158704 
2.141979 -1.754814 1.152934 
-0.4160219 -2.805909 -1.14274 
-2.099537 -1.445739 -1.166537 
-0.9662582 2.838433 -1.08702 
1.949843 -2.123654 1.125251 
-0.8599601 -3.178529 0.9154331 
-1.166101 2.953648 -1.007541 
2.361328 1.954122 -1.061079 
-2.367015 -0.8707737 -1.166891 
-0.241711 -0.01367007 0.5499681 
2.460969 1.915603 1.038671 
-3.119169 -0.6374583 -0.9992945 
0.1185189 0.6321087 -0.620248 
1.872409 1.297708 -1.140883 
1.429074 -2.933139 0.93651 
2.813696 -2.082162 -0.7187901 
1.673308 -2.571267 -1.051048 
3.597522 0.9577423 0.2312831 
-3.07271 2.070653 -0.2877119 
1.605205 2.446851 -1.10894 
-0.1221313 -3.687636 0.3224182 
-0.973951 0.1626573 0.719562 
1.521595 -0.6833176 0.9750073 
1.827181 -3.11743 0.5406862 
-0.711481 3.664528 0.09070981 
1.791722 -3.212025 0.3788349 
-1.506266 3.237533 -0.5989059 
-1.915058 1.211909 -1.13628 
1.693281 2.628016 1.034793 
2.376655 2.871613 -0.1492197 
2.335815 1.550166 1.146711 
3.487773 -0.8276936 -0.5911897 
3.379219 -1.015717 -0.6759515 
0.02833376 0.5536203 0.6067847 
-2.094817 -2.148169 -1.079083 
-2.895084 -1.486766 -0.9463445 
-1.733609 -1.787326 1.159847 
1.838591 -1.026789 1.104729 
-2.889761 -0.2909923 -1.120414 
0.01294333 -0.3000638 -0.5660302 
3.695667 -0.225467 -0.2847333 
-1.551066 2.900024 0.9152982 
-2.69789 1.644989 0.9965891 
-0.09496748 2.471508 1.163424 
2.762803 1.866023 -0.8858916 
1.426965 -3.138542 -0.7757393 
-2.904838 1.686317 0.8632239 
-1.40615 3.35737 0.4686174 
3.522978 1.256655 -0.09806322 
2.198365 -2.423828 -0.9373408 
-3.600121 0.9070648 0.2545922 
-1.210136 0.2385027 0.8093562 
-1.418832 2.758888 1.035749 
0.995106 3.607443 -0.09108714 
2.210406 2.309345 0.992105 
2.575598 2.704001 -0.1119474 
0.8983523 -3.073532 -0.9880402 
1.078061 -2.902369 -1.045225 
-0.6297922 -1.891281 1.080418 
-0.5015047 3.337573 0.8493189 
1.106997 -2.766695 1.089966 
-0.2176136 3.674771 -0.35569 
0.194538 -2.679003 -1.163867 
-2.860132 -2.243161 -0.4730275 
1.996744 -1.253792 -1.149295 
-3.678531 -0.6643462 0.09696211 
-0.9664457 -0.7018858 -0.7928874 
0.3120446 -1.652305 0.978305 
-3.046923 2.17322 -0.09114664 
-2.775319 -1.930342 0.838701 
-1.133427 -0.2816375 0.7823036 
0.2937947 3.332131 -0.8790742 
-0.3598088 -0.3433569 0.5856395 
-2.42253 0.3009951 -1.162316 
2.261021 2.913897 0.353432 
-1.353127 3.24877 0.6869284 
1.253117 -2.931357 -0.9979382 
-1.232819 1.652861 1.0999 
3.642233 0.5219057 -0.3865182 
-2.792469 -0.5109299 -1.141158 
-2.61884 -0.5432851 -1.167323 
2.277329 2.956254 0.1056813 
-0.6842209 -0.6493401 0.7053819 
-1.899393 -1.617468 1.159297 
-0.2731321 1.936244 1.064145 
-2.457828 -1.486377 -1.12668 
1.598836 2.155664 1.160862 
1.961942 3.171227 0.2006954 
1.143662 -3.061802 -0.9435763 
-0.2524689 -1.459977 0.9021277 
2.041366 -1.453064 -1.155024 
-2.714303 -0.4742136 1.141185 
1.48038 -0.2067109 0.9094505 
-1.80004 -3.269704 0.08723271 
0.7948189 -0.6342441 0.7323602 
3.487202 1.334637 0.110285 
0.4132212 3.456439 -0.7383419 
-1.493364 -2.429253 -1.132385 
-3.052963 2.110558 0.2746752 
-2.010748 3.10526 -0.3215208 
0.5135183 3.312664 -0.8721676 
3.214307 -1.883864 0.2007719 
-0.8564726 -1.083261 -0.8622111 
-2.819086 2.028021 0.7474739 
-0.04293557 3.650587 -0.4521602 
1.072311 3.546204 0.288154 
-2.922427 -1.36441 0.9669191 
0.4392447 -2.939146 -1.106853 
-1.08577 -3.57252 -0.09710411 
-0.7512113 -3.656151 0.03196549 
1.454225 -1.005098 -1.009044 
0.8290102 1.937261 -1.110472 
-1.118344 3.423721 -0.5349985 
-2.270887 -1.515965 -1.157357 
2.276592 -2.80829 -0.531094 
-1.663282 -2.014966 1.160799 
2.930225 -0.9241446 1.039572 
2.929521 2.242075 -0.3246081 
0.9328173 -0.444081 0.7347816 
-0.3586499 0.6919668 0.6583087 
0.5127743 0.6232147 0.6683008 
3.004578 1.028645 -0.9968373 
2.462947 -2.707965 -0.430281 
-3.003741 -0.8671099 -1.029439 
-3.205168 1.639826 0.5646555 
-1.988453 -2.947592 -0.6277442 
-0.8289056 -0.8035899 0.7764829 
-2.34473 0.6960638 -1.159336 
-0.242193 1.580434 0.9469025 
-1.38103 2.847412 -1.014838 
3.675955 0.7223647 -0.05654045 
-2.15904 -2.965482 0.3990562 
1.807964 -1.265908 1.12759 
0.393343 3.20514 -0.969568 
-2.57453 0.7571937 1.153298 
2.334023 2.844465 -0.3832387 
-1.65598 -1.364611 1.115764 
2.379473 0.6526611 1.159433 
-1.364999 3.035054 -0.9033747 
2.205624 2.320016 -0.9884565 
-2.858694 -0.08890756 1.128012 
1.574501 -2.986889 -0.841324 
-1.430139 -2.046742 1.162384 
3.022806 1.124779 0.9647265 
0.6623817 -3.002117 -1.061349 
-3.045188 -1.504942 0.822821 
-1.567483 -2.213443 1.154933 
2.05284 2.474942 0.9810976 
-0.3546978 1.40602 0.8914638 
-2.038816 -2.934359 0.5934578 
-0.08043835 -3.49856 -0.7092685 
2.653933 2.587152 -0.2784296 
-3.072591 1.356233 0.8748688 
-3.184893 1.188252 0.8385416 
0.6950376 1.768706 -1.05115 
-2.117691 -1.696769 1.144929 
-0.8395988 2.895516 1.076207 
1.532325 -0.1674607 -0.924677 
-0.6679527 3.029261 1.035331 
-0.4241258 -0.1035187 0.5727493 
-2.531289 1.473095 1.092718 
-0.4858579 3.153523 0.9888585 
3.110632 -2.038594 0.2454933 
2.631773 0.5990558 1.154514 
-2.765959 -2.223372 -0.6368583 
-0.6561264 0.1734928 -0.6302835 
1.388315 2.443071 1.14057 
0.2203917 -1.164502 -0.7922793 
-1.28941 -3.50845 -0.06976898 
-3.336086 0.5790825 0.8427951 
1.364613 2.137577 -1.1636 
-2.73055 0.5887275 -1.143066 
1.600089 -1.57973 -1.129815 
-1.735819 1.740321 -1.15792 
-2.023157 -2.115293 1.110092 
-2.022119 -2.294745 1.063869 
-0.3069166 3.453227 0.7561418 
3.662788 0.3287485 0.3973193 
-1.781236 0.7957304 -1.064031 
2.511671 1.450846 1.124178 
0.5887952 -3.690125 -0.06736538 
2.052196 -0.2012141 1.100217 
2.164191 0.9696173 1.155135 
2.280467 2.153255 -1.027006 
-3.545357 -0.8049895 -0.4860224 
2.798931 -0.2669522 -1.133486 
-1.595347 1.722802 1.149513 
3.539332 -0.4313419 -0.6149945 
-1.366655 -3.301298 -0.6000308 
3.003915 0.07939734 -1.084621 
-2.689874 -1.083184 -1.116851 
1.38158 -0.3463793 -0.8804679 
2.142725 0.4822327 -1.127764 
-1.914991 0.9188634 1.111156 
-2.759843 -1.67802 -0.9652944 
2.949795 0.2704346 -1.099534 
-0.3953196 -0.0721661 -0.5712968 
-0.5816998 -0.04193919 -0.6067318 
0.7873014 0.5448843 -0.7082703 
0.9485047 0.6644027 -0.7780654 
1.642503 1.295007 -1.10443 
-2.118632 0.6480734 -1.128411 
-2.526989 0.525743 1.165939 
3.304051 1.603653 0.3854655 
3.396684 1.539392 0.1562774 
-2.231171 3.004598 0.00959486 
-2.392915 -2.263427 0.9200475 
-0.73649 1.948691 -1.10078 
0.6506788 0.4338383 -0.6515504 
0.7626151 0.7767597 -0.7540002 
-2.562535 0.7549531 -1.160613 
0.9429867 -2.273543 -1.162048 
1.001912 -2.48429 -1.156825 
2.991303 -1.276543 0.9414944 
-1.841416 -1.401697 1.142774 
-0.1617922 -2.554451 -1.171448 
2.715401 0.3432218 -1.147359 
3.409734 -0.4417127 -0.7879227 
-0.5140266 0.5341631 -0.6487759 
-1.644233 0.9515058 -1.04882 
-3.493922 1.300527 0.193323 
1.747941 -2.185429 1.145709 
1.620331 -2.339385 1.133173 
-3.645435 -0.8382583 0.05767773 
-1.750235 -1.163896 1.102645 
1.46241 -3.324969 0.5094918 
1.627144 -3.2051 0.5689906 
1.702051 -2.543697 1.057684 
-3.034877 -1.255352 -0.9180242 
-3.085991 -1.496136 -0.7855112 
1.752556 -1.987639 1.163195 
-3.292937 -0.4581321 -0.8921942 
0.3820173 -3.036109 1.050094 
-2.52162 2.247361 0.8433694 
-3.44362 1.307194 0.3791811 
1.546559 1.105098 -1.05136 
1.324342 1.086262 -0.988503 
1.399192 -3.411953 0.3627295 
-0.2587827 0.8881409 0.7015603 
2.84359 2.363657 0.3147618 
-0.01146548 -2.471728 1.162057 
1.069844 -3.55829 0.2598574 
0.8649925 -3.55633 0.4262576 
1.214347 2.334267 -1.165632 
-1.548234 1.118169 1.054421 
-0.1535468 -3.613779 -0.5086718 
-0.103781 -3.696773 -0.2899468 
0.8065172 -3.64451 -0.1135419 
1.76842 3.281495 -0.1605573 
0.8705048 -0.2558707 -0.6908665 
-2.264633 2.623267 0.7648829 
0.8840911 -3.380837 -0.7245893 
3.289287 -1.762542 0.07253903 
-0.3605915 1.235355 -0.8282608 
-2.89887 1.536693 -0.9324372 
1.223149 -3.474947 0.3775558 
-1.114338 -3.476907 0.4493725 
0.7454837 0.1058988 -0.6446024 
0.8411291 -3.594166 -0.3277936 
-0.484812 -2.45805 1.164966 
-3.524784 -1.088827 0.348687 
-2.807417 -2.411561 0.2911175 
0.05770126 -1.003942 0.7235126 
-0.06275518 0.3460138 0.5718453 
-1.63587 2.71396 1.001824 
-0.2414231 -2.452567 1.162775 
0.3169147 -3.22841 -0.9703638 
-3.002289 -2.106278 -0.3981401 
-0.3470901 3.579706 0.568231 
2.418595 -1.249864 1.146276 
-1.857595 -2.396322 1.07621 
-2.202705 -2.174969 1.044396 
1.31466 0.8511255 0.9376117 
-2.015363 1.138042 1.141631 
2.309303 1.768962 1.117853 
-0.1088829 -3.221408 -0.969899 
3.692576 -0.4524805 -0.2322545 
-0.1748615 1.127732 -0.7748846 
3.424186 1.389127 0.3206372 
1.060827 3.24927 -0.8179838 
1.103901 -0.9018952 0.8798253 
1.618322 -1.297191 -1.097471 
3.651927 -0.6288285 -0.3041213 
-0.697007 0.3991508 -0.6641344 
-0.5302854 3.489331 0.6743154 
0.5083383 3.704687 0.04858673 
-1.309354 1.842686 -1.134521 
0.8258557 -1.200424 -0.8952853 
-2.149765 2.986803 -0.372079 
-2.121935 3.065475 -0.1783771 
1.985571 3.160495 -0.1374323 
2.99282 2.214976 0.2052712 
1.188208 2.341931 1.156979 
-0.8497785 -3.012751 -1.026876 
-1.937889 3.18229 -0.1792641 
0.2758147 2.38495 1.159115 
-2.678945 -1.482279 -1.060934 
-1.63419 -3.102469 0.7074266 
-3.537097 -0.1177527 -0.6464249 
-3.571788 1.104744 0.1033771 
-0.9306074 3.054177 -0.9890624 
-0.7819071 0.01326045 0.6508661 
-1.555399 -2.760844 1.007576 
1.39135 -1.763104 -1.135217 
1.318379 -1.5519 -1.087812 
-1.38751 -2.880966 0.9883313 
-1.304349 3.334638 -0.5758492 
0.005008592 -2.130549 1.117039 
2.864946 1.449447 -0.9761621 
0.1090008 2.527424 1.167578 
-1.55014 -2.970651 0.8792259 
-0.3589052 -0.3863796 -0.5966907 
2.73507 -1.583553 1.005091 
2.228338 -0.3277283 1.142361 
1.522452 -1.879853 1.158845 
2.370823 -0.4286875 1.162908 
0.9101854 -1.001112 -0.8542638 
2.9574 -1.831838 0.7422236 
3.075327 -1.642863 0.7338512 
3.131302 -1.389404 0.8022065 
-3.461445 1.093174 -0.4848013 
0.2738906 -3.714648 -0.2007853 
-0.2207661 -3.081682 -1.050222 
0.2027309 -2.482452 1.164016 
-0.8565553 2.492374 -1.165783 
0.1844902 0.3640424 0.5829367 
-2.000933 -0.4531308 -1.096672 
-2.751231 0.5868328 1.137816 
-3.244556 -0.0005514509 -0.9582488 
-2.815919 -2.449729 0.1113882 
3.160766 0.9627163 -0.911195 
3.508253 -1.164877 0.319259 
2.082186 1.868394 1.139624 
3.027479 0.8465362 -1.018498 
1.383207 1.319798 1.055674 
-2.667726 0.3094291 1.157202 
1.522696 1.480616 1.111834 
0.01803154 -3.370087 -0.8589037 
-1.053316 2.941047 1.025041 
2.333455 1.113648 1.165659 
2.527855 1.031766 1.156122 
2.365506 0.8970762 1.165282 
0.9753173 2.816004 -1.10233 
-3.687698 0.5371549 0.1889881 
-2.692965 -2.572338 0.1954072 
-1.933331 -0.2873826 -1.06953 
0.2631088 -3.679872 0.3393689 
1.05847 3.493783 -0.4589831 
-3.361804 0.1488768 -0.8632401 
1.553964 2.803391 0.988445 
-1.16654 -2.896956 1.027341 
1.801854 -0.7429879 -1.066571 
-0.5742797 2.146573 -1.13157 
2.528592 -2.736487 0.2264273 
3.276418 0.2009732 0.9294007 
-0.60499 1.033461 0.7974626 
0.1395823 2.737183 1.154193 
2.756283 -1.506144 -1.004177 
-0.7900932 3.417469 -0.6913528 
-3.283675 1.521381 -0.5045267 
3.012507 -0.744626 1.02123 
2.697355 -2.210948 -0.73999 
0.8407474 3.629577 -0.1908728 
3.727924 -0.06645744 0.1790888 
-1.747649 3.283437 0.193801 
1.780043 -1.503955 1.148567 
-2.500993 0.5222232 -1.164803 
0.7275279 3.254511 -0.8882477 
3.169879 -1.977332 0.004310769 
-1.504843 2.013059 -1.157301 
2.155854 -2.495024 0.9262348 
-3.26844 1.290294 0.7078476 
-0.7796059 -3.218279 -0.9113321 
-1.087954 -3.110179 0.9151686 
-1.251411 0.4851805 0.8517101 
-2.729274 -2.554674 -0.01423595 
-0.3313912 -3.408163 0.8021894 
3.134154 -0.939604 0.9190134 
1.099217 3.46226 0.4898647 
-3.616756 -0.8030609 -0.2812482 
-3.692559 -0.4497184 -0.1718314 
-0.7294451 3.382661 0.7575437 
1.334261 0.1298595 -0.8475715 
2.149038 2.717135 -0.7526333 
-1.199829 2.780838 1.071118 
3.100298 -1.774572 -0.6027071 
0.1108115 -0.7619622 -0.6604635 
-1.650367 0.6533982 1.012698 
-3.60503 0.8812547 -0.2290304 
-1.99592 1.800931 1.14865 
-0.1210686 3.118594 1.03124 
0.4761442 -3.689465 0.1776705 
-3.326862 1.138789 -0.6795495 
-2.414118 2.867625 0.03615323 
-0.2912823 1.838007 -1.037479 
2.4159 -2.148154 -0.9549909 
2.850459 -0.1821081 1.132798 
-0.5483549 1.71722 1.01813 
2.301496 1.567548 -1.134075 
1.313696 -3.114118 0.8457568 
2.596853 -1.686523 -1.026177 
-0.005925185 3.635601 0.4806148 
-1.534587 -3.038272 -0.8193049 
-2.851998 2.148249 0.621128 
2.198187 -2.953273 0.3796149 
0.7148421 3.545481 -0.5233116 
3.254986 -1.407419 -0.6454172 
-0.5878687 -3.276883 -0.9012151 
1.307618 -3.490802 0.1942687 
-0.991019 -0.9121472 -0.8494015 
0.3223856 -0.4974059 0.6143972 
-0.6023037 -2.68591 1.149962 
-2.67198 0.3284732 -1.156871 
-0.9806467 3.390018 -0.6607602 
-2.350177 0.5000963 1.164925 
3.265348 1.539559 -0.5599277 
-0.7208208 -3.394119 -0.7595711 
-1.99036 0.130833 -1.079101 
3.009634 -0.291134 -1.070697 
2.005258 2.622494 -0.9102188 
-0.4522067 3.266929 -0.9058715 
-3.009557 0.9160263 1.016165 
3.699789 0.4854794 -0.1446132 
3.239017 -1.604145 -0.5235605 
0.8141399 -2.641709 -1.149576 
1.114024 1.571446 1.061289 
-2.053822 0.7344416 1.127183 
0.2308122 1.564113 0.9433463 
1.046394 -2.702126 -1.117239 
1.305882 -0.1177946 -0.8369715 
1.125569 0.04712478 -0.7677652 
1.220875 -2.433723 1.148943 
-1.276707 3.147751 0.8309425 
-1.912225 2.826804 0.8048118 
-1.29806 2.96887 0.9512364 
-2.29836 1.523836 1.134211 
0.2351847 1.05871 -0.755191 
-1.888243 -3.099945 -0.4889495 
0.3742339 2.375942 -1.157241 
-2.203929 0.5915971 1.148321 
2.260734 -1.469407 -1.143227 
-2.229696 0.7720585 1.155605 
-2.097865 -0.3779373 1.113675 
-0.1101928 1.538836 -0.9261903 
0.1026533 -1.931544 -1.061268 
-1.414966 -0.6274835 0.9260687 
1.045344 1.914931 -1.125976 
-2.465062 -1.398254 1.12324 
-1.253416 2.328877 -1.160836 
-0.5967185 0.6515243 0.6878741 
3.476789 -0.2125598 -0.7303394 
-1.116326 -1.228489 0.9694223 
-0.7704414 -0.2042264 0.6556809 
0.4969388 1.794124 -1.038368 
0.3255025 3.049339 1.062568 
2.019479 -1.171192 1.146358 
3.462112 -0.6288766 -0.6906637 
3.006018 0.9005642 1.0214 
0.02229078 -0.2404464 0.5518547 
-1.373451 1.797359 1.140703 
-3.139973 -0.3941118 0.9995691 
0.3645398 2.143995 -1.122331 
1.321467 3.040808 -0.9025655 
1.011494 -2.941193 1.032102 
-3.719286 -0.1281862 0.1648043 
-0.199489 -1.144013 -0.7834249 
-0.1454319 1.332162 -0.8496898 
-2.595435 1.407606 -1.097575 
-3.432139 1.480014 0.07772686 
2.396138 2.34179 0.8845246 
-3.429625 -0.9156408 0.6454937 
1.13315 3.183442 0.8433677 
2.160571 -1.541415 1.163361 
2.6255 -0.2122781 1.165768 
2.17338 -3.027739 -0.1805838 
-2.843867 -0.2897012 1.13064 
-2.806899 -2.040832 -0.7531187 
0.5821697 -3.415336 0.7464165 
2.079678 3.064122 -0.3062927 
0.9188579 1.144317 -0.896038 
-0.2182611 -2.906384 -1.120474 
-0.1326808 3.545988 0.6312549 
-1.654334 1.289491 1.103549 
-1.31148 -3.044045 0.9040309 
1.182603 1.377255 1.025746 
-1.733186 3.284074 -0.201775 
1.076412 -0.1783257 -0.7545285 
-1.137492 -0.9663133 0.9054371 
-3.683383 -0.008811877 0.3465412 
-0.1173009 -2.651164 1.156553 
0.6042254 0.6196703 -0.6778563 
0.06433211 -3.65024 0.4509951 
0.230027 -3.723955 0.1370015 
-0.9227725 3.257925 0.8351073 
3.139153 0.7920934 0.9646511 
-3.362518 -0.0829536 0.8616243 
-0.4594018 -3.392515 -0.8049255 
-2.625712 2.618111 0.2747658 
-2.256467 -2.446609 -0.8860052 
-0.883863 -0.588189 0.7427482 
0.7322729 -2.231624 -1.154112 
1.738752 2.065226 -1.154022 
-3.112787 0.9827211 -0.9435819 
1.78736 3.144076 -0.5210165 
-0.3088873 -1.320522 -0.8554958 
0.5009119 -1.451536 -0.9240848 
-3.317882 -0.3261853 0.8839641 
3.357453 -0.08606736 -0.8659113 
2.063874 -3.121081 0.01959422 
-0.2391894 0.02341687 -0.5541419 
-1.712931 -3.1779 -0.5372356 
1.36851 -0.04620926 0.8623657 
2.115006 -2.889445 -0.6006098 
1.090471 0.5098103 0.7989809 
-0.3958561 -2.578307 -1.168062 
-2.369037 2.513692 -0.7586984 
-2.333755 2.344973 -0.9074453 
-2.450365 2.085682 0.9718962 
0.3159467 1.792595 1.029241 
3.42674 -1.445457 -0.1972471 
0.3341503 -0.005600655 -0.571391 
1.44516 3.383784 0.3731754 
-2.602025 0.9805414 -1.142689 
3.100205 1.152492 -0.9048074 
1.00023 -0.5909432 -0.7800277 
0.434042 1.425251 0.9110834 
-3.07545 -0.6312744 1.00852 
-0.3807974 2.165838 1.11922 
-0.2098415 -1.645991 -0.9704688 
-0.9127622 1.188992 0.9137138 
2.796768 -2.391361 0.3902223 
0.05673776 3.093554 1.041856 
-0.7718762 -2.223476 1.156662 
-0.9956112 -3.170148 -0.8958195 
0.345041 2.81169 1.136897 
-2.525124 -1.63591 1.063376 
0.1870403 0.9429641 0.7166076 
-2.574913 2.710729 0.0635909 
-2.448049 2.63835 -0.5338253 
0.8400283 1.258121 0.9176977 
3.348443 1.657309 -0.02488979 
-3.550682 0.8073257 0.4666919 
3.577324 -1.003465 -0.2509296 
1.282825 0.8993117 -0.9338256 
-0.915522 3.488147 -0.5184664 
2.51356 0.3014725 -1.160466 
-0.3983612 -3.697623 0.09188103 
-2.139986 -1.941888 1.115035 
3.439587 -1.455012 -0.0009169305 
-0.7009661 1.209541 0.8752525 
0.9500087 2.316201 1.155195 
-0.05792854 3.724586 0.08536865 
-0.1694632 2.084408 1.100063 
2.907808 2.128529 -0.5250733 
-0.127255 1.410801 0.8799599 
-2.340088 -1.792036 1.080642 
2.248081 0.4236714 1.140428 
-3.46255 -0.6964015 -0.6565189 
-3.205429 1.373033 -0.7106287 
-0.1957201 3.721451 -0.116659 
-2.335261 -0.9390414 1.155125 
-2.968684 -2.24356 -0.07832178 
0.844519 -3.503613 -0.5255978 
3.694321 -0.5419753 0.1179494 
1.249583 -1.05651 0.9607086 
-0.963425 -0.1106315 0.7143283 
-2.329367 2.278351 0.9470873 
-2.454896 1.107853 -1.142274 
-2.858081 -2.392827 -0.06408713 
-2.174426 2.472049 -0.9123295 
-2.606572 0.9893879 1.127304 
-0.4909067 3.698508 0.120817 
-1.215585 0.963956 0.9321824 
-2.466352 0.1185362 1.166845 
-1.746647 -0.3934349 1.014727 
3.643711 0.1673948 -0.4359458 
-3.191173 1.738836 -0.4778544 
-2.10338 -0.1461226 1.10885 
-1.584517 -0.5226696 0.9714292 
2.855489 -1.134621 1.043483 
2.28256 1.145682 -1.164464 
-3.54812 -0.8788304 0.4405949 
1.852468 0.9503156 -1.104396 
-3.410531 0.5195684 -0.7703749 
2.473868 0.4044606 1.16313 
-2.798191 0.833571 1.105279 
-2.840753 1.069602 1.067332 
0.5675701 -2.887131 1.102694 
0.1182643 -3.03658 1.060349 
3.36357 -1.609601 -0.06865387 
-3.195588 -0.8097582 0.9100623 
3.442875 1.462657 -0.05536124 
1.821556 -1.395246 -1.138709 
3.650023 -0.4678918 0.3675473 
1.09894 -3.12256 0.9055031 
-2.585655 2.455311 -0.6049023 
-1.927223 -2.043409 -1.138705 
-3.012967 -0.8726885 1.010965 
1.047199 2.170028 1.14845 
-1.895666 -1.97466 1.149185 
-0.2911809 -2.370603 -1.15954 
2.306865 -2.070722 1.046292 
1.032038 1.989346 1.13291 
0.956789 0.4311094 -0.7385728 
0.5922307 1.49677 0.9559773 
-0.5432563 -2.418403 -1.166004 
3.338868 0.893141 -0.7645203 
-1.57572 0.4739242 0.9668219 
3.155814 -0.7465889 0.9361407 
3.305918 1.03948 -0.7508328 
