917 933 624 
1243 379 290 
794 747 308 
2533 1224 795 
2626 859 906 
798 1294 193 
1298 551 1692 
1286 925 328 
1324 802 633 
641 286 346 
302 1547 1335 
1124 551 621 
1042 2204 2437 
310 170 204 
1113 318 1369 
1368 826 196 
0 1915 246 
1269 808 316 
1255 363 880 
469 983 393 
1373 1374 655 
103 1380 300 
2595 2681 2402 
1283 97 2590 
810 733 88 
193 1390 811 
416 1365 1356 
1619 413 1501 
815 553 94 
399 1293 1405 
1443 1519 522 
1419 169 829 
806 267 1699 
2370 772 1271 
817 1425 1427 
293 818 1246 
818 283 299 
1430 1353 388 
835 8 1432 
550 165 822 
1439 1284 287 
1440 443 415 
824 480 2659 
154 1449 1244 
660 1457 1373 
2681 2678 2402 
1384 40 156 
156 673 828 
78 444 1021 
2490 309 391 
323 908 1502 
1489 1288 1469 
1703 1314 2142 
945 831 1239 
1483 1086 1545 
912 1502 1779 
359 1087 1296 
220 2321 2558 
835 438 1421 
1127 1262 840 
1537 1538 1523 
845 1428 490 
202 1541 1300 
45 114 432 
431 1488 375 
1871 775 753 
1195 1837 2564 
1558 1212 501 
1252 1564 1565 
2616 1550 2430 
1429 902 1529 
262 2256 14 
384 1571 1357 
1556 115 849 
840 1262 1579 
876 900 1560 
1582 968 1583 
254 2344 1276 
2077 1569 2445 
1589 438 1588 
1836 2497 1534 
853 1878 1341 
1151 208 1467 
1377 406 1833 
2254 441 406 
1274 2486 746 
1605 56 2644 
953 156 828 
2518 962 858 
948 482 1616 
1265 1105 2520 
600 1410 445 
1069 1302 718 
862 1634 881 
524 1637 2317 
1177 254 1833 
1310 93 1068 
2190 134 863 
863 1574 214 
343 1355 864 
864 2423 1647 
486 48 865 
865 302 1337 
1583 71 866 
2663 2120 869 
1398 1486 888 
271 1663 1306 
2425 1447 1673 
452 527 1654 
1331 1677 1676 
1760 1045 131 
1762 2619 2627 
463 1171 567 
1110 1687 846 
1029 1346 277 
2516 292 1559 
681 1278 1766 
801 1686 1183 
864 958 1690 
2217 1695 876 
877 1312 64 
1252 1259 1539 
1313 1539 1642 
1445 187 130 
312 919 1513 
548 1434 883 
1549 882 550 
1510 882 1706 
529 2551 926 
1553 1728 1507 
1613 1958 227 
1710 194 812 
1711 514 1712 
482 1751 979 
339 1114 2170 
623 1916 61 
1263 1787 2158 
1870 1485 1934 
1723 1404 1656 
1203 1660 1141 
2419 1001 256 
437 279 1425 
816 946 1725 
620 1871 1730 
890 1628 520 
1463 1636 1419 
1231 278 891 
1412 283 995 
977 909 238 
1584 1287 1714 
471 2609 1328 
717 1673 892 
288 1739 620 
459 116 1692 
2537 1067 65 
517 565 1752 
898 505 964 
1932 2309 2480 
1184 1766 1278 
570 96 1228 
96 771 1055 
1309 1246 577 
901 1175 374 
116 2576 1593 
321 529 1388 
580 1410 1263 
902 1321 1567 
981 436 2419 
1351 1561 904 
1861 54 1732 
906 1618 473 
2275 1713 333 
878 417 1782 
1617 1568 910 
1664 1496 802 
1474 42 1760 
2365 1902 2444 
1777 912 590 
1801 417 914 
1863 1804 496 
1257 1382 1812 
918 1813 290 
569 973 639 
1814 1454 1815 
1693 1741 1344 
93 1494 1872 
2310 955 1770 
949 381 1819 
1540 1601 920 
921 54 2592 
1095 2198 349 
922 1824 1586 
2426 145 1370 
138 573 1632 
1826 320 825 
1267 2197 72 
47 2024 1226 
28 1720 905 
984 1289 1830 
924 332 859 
646 409 926 
927 1436 1610 
2115 643 1517 
1576 705 1733 
1788 1840 522 
207 1403 1840 
1733 77 274 
198 1841 928 
1297 578 1405 
1846 1569 680 
1855 467 237 
827 16 56 
391 1857 305 
106 2469 1858 
607 1356 472 
1401 931 432 
608 7 1661 
212 2203 1901 
1193 1530 932 
603 1867 1621 
2106 1761 2668 
1791 738 1848 
1598 933 252 
365 126 1135 
196 38 1776 
1883 1457 985 
1139 1889 935 
219 941 2013 
1895 191 2003 
1900 1258 1552 
612 1876 1905 
159 1789 840 
1800 1907 2673 
1472 2030 1790 
2107 2266 544 
1432 1588 835 
1273 296 1910 
868 1913 2341 
945 1239 1476 
437 817 1473 
1806 1500 899 
1776 343 1690 
1917 1376 1508 
1295 643 2428 
1951 1527 2605 
102 2298 120 
1942 2205 798 
626 508 2259 
336 2579 723 
1121 2287 1115 
2014 897 1628 
953 476 156 
454 1862 1500 
564 1834 582 
1625 33 191 
588 1722 2034 
1931 955 989 
1468 542 1489 
921 313 1881 
827 957 1823 
957 632 2521 
442 729 1458 
1956 903 1528 
500 841 1038 
1140 1136 1843 
1258 101 732 
1643 642 952 
635 1807 1964 
1740 636 1965 
450 1684 1967 
1969 1402 1595 
672 1775 631 
1383 1971 1892 
2207 1059 218 
1975 1000 1973 
669 559 1704 
2460 2020 12 
1980 1183 1345 
713 1281 367 
569 1794 633 
223 1231 1986 
1890 1987 1617 
1687 1110 1339 
1970 1491 965 
965 1270 1747 
1657 1807 635 
2049 1977 1749 
346 224 641 
230 967 1868 
1517 1295 1729 
195 979 970 
1704 1917 971 
1815 1372 1253 
454 132 1862 
1992 597 2494 
982 2012 2011 
1496 973 633 
2057 2018 1037 
2434 2021 823 
212 59 1670 
1979 1922 1968 
2478 671 2001 
974 1018 1326 
873 2299 1672 
2084 2024 512 
2580 589 1799 
1989 1080 2369 
2027 1544 2234 
104 653 830 
1394 1720 2003 
2562 530 1798 
1983 2254 1650 
1722 1895 980 
980 2003 1927 
1420 2137 2038 
1143 1873 1620 
1435 944 1834 
1638 2041 1639 
572 36 279 
1648 403 282 
986 198 85 
1370 1933 2023 
441 2045 1089 
507 177 2435 
990 2466 2006 
907 1916 1114 
170 1357 2053 
1511 601 1071 
2019 1788 2057 
1868 2060 1761 
626 2522 2049 
2033 395 595 
2546 2061 1192 
534 1815 866 
714 1701 242 
1852 2064 559 
953 828 355 
936 978 195 
994 1738 2606 
121 2492 1630 
217 295 625 
625 2074 1768 
818 1243 995 
2076 210 1800 
1837 1031 2252 
2077 2445 677 
1695 2217 2178 
2080 1876 612 
996 612 704 
1460 2082 329 
997 2308 2615 
464 1413 1053 
2083 836 676 
280 7 608 
180 200 677 
2043 953 998 
1264 233 1984 
903 1316 311 
1000 1809 1334 
2088 576 1479 
2452 2038 457 
1002 119 1045 
1792 1887 2089 
1035 34 37 
1472 1997 1006 
2094 2032 214 
1368 320 826 
124 1259 1223 
2455 2491 1576 
1629 458 2098 
1014 1746 2665 
1015 2088 1412 
1016 1282 331 
2411 1385 441 
2045 1385 2102 
2059 2106 2668 
664 376 2087 
355 601 2067 
285 2646 1452 
1020 684 669 
1368 825 320 
1021 2114 1094 
184 1682 2121 
12 1493 2122 
1561 1558 1521 
1521 1904 667 
1046 687 1402 
2123 1634 162 
1026 1711 1774 
2124 2506 2113 
234 2119 659 
690 2547 2212 
1285 2118 1117 
1795 2077 1938 
2132 23 1239 
1028 2640 466 
1582 2468 1523 
2645 1491 695 
2119 49 2147 
1031 6 248 
2110 1588 1432 
1050 2096 2643 
227 1958 1957 
1609 813 2048 
1032 678 1752 
335 234 1757 
2072 118 2071 
582 1054 2594 
1477 2139 557 
1798 2084 125 
444 2118 2114 
1682 1412 1813 
353 832 1038 
1758 659 2147 
988 1497 1961 
627 2065 1927 
1039 340 893 
655 972 2011 
2150 822 1320 
1797 1284 1043 
1043 1439 1107 
2426 1513 1814 
2159 2018 1074 
793 1362 977 
1475 2148 2129 
1436 706 1120 
383 1922 1824 
2231 2081 1453 
1969 2315 1046 
303 1221 285 
1731 1047 1451 
531 1355 1047 
1047 89 1821 
2163 1747 2547 
395 2583 2164 
182 698 2180 
1923 2001 2052 
240 1572 85 
1050 1937 160 
399 1040 811 
486 1899 341 
1423 1089 1052 
2116 2009 1063 
2023 547 2028 
1486 2170 623 
623 2170 1916 
2171 637 2017 
2164 187 2032 
2495 2002 1899 
1899 2591 2661 
1298 263 298 
861 225 419 
2174 1906 2481 
1842 556 710 
2068 2176 556 
656 1828 2000 
581 2216 1092 
2148 1426 2160 
181 1536 2374 
1317 381 1623 
785 118 2437 
2085 2272 699 
685 242 1019 
666 628 1406 
871 698 2181 
1828 2191 2521 
2192 136 1065 
1065 136 1889 
656 1453 1196 
2139 1790 1090 
1070 597 1992 
718 1048 1069 
2509 2197 1803 
2091 1012 1072 
2435 654 507 
2145 2438 1966 
2200 1126 2220 
2201 1722 2210 
1599 662 163 
2202 2494 1320 
1707 1602 786 
1336 243 354 
55 2203 1670 
2072 1129 2544 
2156 886 2624 
1982 706 2291 
216 2172 2439 
1071 587 764 
601 315 587 
2209 2235 435 
1075 2086 1672 
2046 1235 2643 
1077 2202 1736 
428 478 1048 
2215 330 936 
1155 697 2218 
2214 2187 2218 
244 90 2220 
2132 1075 23 
650 1083 2519 
2224 410 1780 
1630 1920 1633 
21 2240 1467 
702 897 1084 
600 2126 2219 
722 238 708 
341 2440 48 
365 2515 62 
2130 151 1086 
188 701 2214 
701 1944 2108 
2227 1209 650 
1087 1646 2228 
726 685 1022 
2204 2527 2109 
2548 135 2236 
2068 1842 1630 
721 248 711 
2241 977 255 
2474 1803 1266 
1665 2165 1093 
1827 2243 2484 
148 507 1594 
1385 661 2251 
368 1266 228 
2604 249 151 
304 1095 1380 
1945 1527 1951 
2211 1714 2255 
2548 2236 1152 
1189 2257 1554 
2509 803 36 
917 1103 2229 
1016 2206 1952 
1878 158 1341 
2263 2501 2229 
2176 1058 735 
863 1445 2190 
740 297 300 
2068 1462 2133 
2264 1705 1829 
1886 2265 2498 
1494 93 2523 
1951 1492 2260 
1113 2288 2267 
1200 1526 2097 
1845 2581 2268 
1585 2269 2268 
320 2264 1940 
1109 1256 2182 
1981 721 276 
668 1705 1826 
1966 2273 982 
294 2277 2465 
598 606 2307 
1116 1167 1614 
477 1607 269 
2284 1631 2283 
2663 869 1604 
575 1076 2036 
2267 2288 616 
2270 2280 2562 
2586 2073 1972 
1772 2290 1226 
75 619 91 
1764 2291 1495 
934 2288 533 
621 1349 1906 
425 1697 1125 
1694 1250 1693 
2036 67 2091 
2297 2298 1668 
836 2303 1512 
1128 2299 1204 
2305 2638 786 
1856 2306 1929 
1566 1387 1386 
1844 1994 1415 
599 923 401 
401 1603 1376 
606 2308 2307 
2071 785 2302 
2310 2191 1139 
28 2641 1720 
2395 541 2312 
387 308 1134 
2295 1321 1312 
1849 1010 2317 
2570 1683 791 
1683 2570 1677 
1142 755 2130 
1891 618 405 
1792 146 1227 
1136 1387 1843 
1132 2169 1138 
1138 1675 485 
268 2292 2540 
1141 1755 2322 
2404 337 445 
142 1821 1822 
1801 1646 1782 
51 2671 2108 
2671 2246 1155 
47 404 512 
1853 253 2134 
236 1875 1143 
2480 2309 2327 
1144 1146 2273 
1542 2027 663 
1145 1978 2253 
2332 1557 503 
174 2334 1539 
1031 720 1147 
1147 2330 2319 
756 1148 1580 
760 2670 2674 
2124 2336 358 
373 354 1343 
879 2559 385 
26 2266 1150 
324 201 484 
2375 1309 1228 
2180 871 1151 
208 1151 348 
2282 2594 762 
2328 1666 208 
1153 1842 710 
2342 697 1155 
157 2078 2210 
2338 1157 1990 
2338 1981 1157 
2348 508 2112 
1869 1152 2339 
180 677 1667 
765 2266 26 
518 256 2058 
2518 607 644 
1655 1037 1162 
230 1161 26 
1891 2644 16 
2404 1163 2346 
404 2349 1381 
715 362 766 
2305 1602 709 
1728 11 2350 
1166 2052 2103 
673 186 239 
239 477 269 
971 1508 1159 
186 40 927 
342 129 2357 
2447 430 770 
772 1169 1271 
186 2358 477 
1188 683 2575 
257 1913 1208 
558 1421 929 
1188 2362 2550 
1171 1101 2217 
258 1172 81 
1752 2363 1173 
1173 1264 1568 
760 742 2364 
223 2634 2323 
513 1422 1505 
2424 2006 2279 
2093 259 1181 
752 2313 2327 
2368 2157 1150 
2382 2369 539 
2524 117 2373 
1638 538 752 
521 772 2370 
347 2371 268 
2633 431 176 
2372 157 942 
2262 716 996 
716 258 81 
1254 213 2368 
1789 781 586 
1179 123 2316 
2577 1816 753 
1781 570 1730 
1086 1201 750 
1176 707 360 
775 1871 292 
1483 2379 1848 
2375 2376 2244 
2380 1543 516 
306 2343 2278 
2675 776 759 
1949 546 2383 
2385 2387 758 
2545 1523 2468 
2277 294 1190 
1190 1627 947 
2253 1841 115 
2386 1317 265 
109 2387 1556 
2388 779 1260 
2359 2388 769 
1658 481 666 
1192 892 2546 
1193 1194 1530 
1998 774 2294 
1963 2392 1835 
1013 594 433 
2394 1991 2347 
2070 2561 950 
2396 1319 24 
773 1605 2446 
2111 1202 389 
1590 2396 1461 
1203 782 1409 
2335 1196 261 
261 1939 1020 
2300 504 1735 
1894 133 792 
562 451 1743 
1197 1205 1198 
1877 820 2398 
112 264 54 
1612 2009 491 
1729 1896 1880 
474 2029 616 
2107 2300 1254 
460 384 107 
580 519 2404 
2258 30 2531 
504 636 1207 
2549 127 1663 
375 1522 1804 
1129 498 1208 
1177 2406 166 
1669 539 789 
1715 940 2100 
793 722 2407 
2407 2274 2399 
2409 1981 276 
2409 1230 2347 
2075 2372 2054 
372 2366 2361 
2346 2102 1751 
1296 2228 2410 
1065 2105 2397 
2420 763 1255 
1211 238 909 
44 2408 790 
1983 2413 2254 
1213 226 1049 
2415 1493 1915 
2400 296 808 
1215 127 679 
2578 1219 2567 
1219 708 1211 
903 1956 1783 
781 2359 1817 
1220 2551 2010 
2551 997 2010 
4 43 242 
340 1400 281 
278 799 2128 
1078 2448 800 
357 69 142 
1325 1233 639 
805 1564 1900 
808 1273 316 
463 567 1522 
496 567 95 
93 1310 380 
243 2141 354 
629 2553 2248 
852 367 1467 
622 874 205 
205 874 178 
549 403 606 
2678 550 882 
1613 1555 885 
1934 1485 1531 
2434 147 436 
1256 898 964 
2308 321 1437 
1623 904 265 
2275 333 1987 
1578 952 642 
322 929 2015 
231 930 1019 
1859 2403 1691 
1193 932 483 
371 446 1429 
1948 937 540 
2648 938 939 
388 143 305 
624 933 825 
120 1193 483 
1340 1476 956 
1647 958 864 
2235 128 1786 
1251 1687 755 
1810 1251 755 
504 2301 636 
178 1333 1864 
635 92 954 
1664 2634 223 
2069 2007 2150 
2213 2026 1327 
2117 2213 1327 
598 2051 549 
217 625 975 
869 1974 167 
509 2112 1240 
34 1005 687 
177 1014 2665 
676 836 2110 
2127 1027 2101 
1734 2449 2188 
2481 806 2174 
20 15 938 
610 447 1029 
1820 596 2144 
246 1169 703 
470 1050 160 
2631 1058 2133 
1960 560 735 
683 2550 1059 
861 419 1788 
428 2450 861 
562 694 875 
1407 1064 2153 
1884 1070 1992 
1072 1012 2315 
1497 2448 1079 
611 652 1091 
908 2241 1502 
1499 0 246 
702 1084 2531 
1963 2630 2464 
206 2135 2236 
2154 1095 732 
561 1067 2239 
731 101 1097 
475 699 1292 
958 1647 1103 
1647 110 1103 
2103 1017 2528 
1393 1111 733 
2036 1076 675 
2528 1102 2289 
551 298 621 
1041 1127 586 
2659 1130 2304 
497 1022 22 
877 2332 2653 
117 1820 2231 
350 670 1132 
220 1134 2321 
1135 2508 583 
2505 1203 1141 
499 750 788 
761 645 1154 
599 1156 2344 
2265 767 2345 
1651 1160 1261 
2362 1162 987 
1865 1164 535 
2103 1165 1166 
963 673 1459 
617 1168 1609 
2037 2005 744 
2429 461 545 
95 1171 876 
1538 1818 105 
201 324 2355 
609 848 2512 
777 2453 2356 
297 740 1810 
2247 1182 2342 
2320 1188 1137 
1189 479 682 
372 1190 579 
788 2161 499 
4 460 2398 
796 1227 146 
1191 1217 1675 
1191 1675 894 
460 107 1877 
386 1221 1222 
1049 124 1223 
1225 674 98 
1346 1029 447 
2402 2678 1510 
77 705 1003 
1108 2376 96 
2534 291 183 
800 275 1514 
289 2244 379 
1234 843 279 
834 1236 1010 
810 194 542 
2162 2512 1237 
1247 1541 277 
1243 289 379 
290 379 378 
844 154 1244 
299 1245 1246 
1245 577 1246 
821 2494 597 
1243 293 289 
2386 265 1184 
93 380 2523 
380 1251 1810 
2545 2468 1253 
92 1715 2219 
104 1166 2354 
62 792 787 
2358 1265 1615 
1615 1265 1606 
368 228 1267 
266 1060 2566 
2110 837 1269 
38 826 867 
794 317 314 
1910 1865 1750 
42 1274 695 
316 1273 1827 
1827 1273 1750 
1383 1388 858 
972 930 231 
908 323 1778 
164 113 1706 
259 1275 1181 
1277 1276 1156 
432 1400 45 
536 795 133 
325 1280 993 
1080 651 1281 
1281 651 39 
412 331 1282 
2595 516 1948 
2499 859 332 
301 628 2311 
1709 1391 319 
4 2398 2417 
43 2417 322 
43 322 231 
1105 2441 1023 
272 338 1584 
1023 1525 1105 
1291 1261 849 
79 1292 699 
686 1294 34 
340 45 1400 
891 278 2160 
2160 278 2128 
2603 1295 5 
1298 298 551 
1692 551 459 
2037 5 2526 
359 890 1396 
1396 890 520 
1411 1301 1069 
1069 1301 1302 
1301 138 1302 
1303 1096 1414 
777 335 1757 
1230 2222 1236 
1325 345 1233 
87 108 467 
1546 541 2379 
346 1300 1338 
188 1251 1310 
1251 380 1310 
1322 180 2328 
1360 2665 199 
1313 2482 392 
2482 352 392 
851 1314 879 
1597 1598 2454 
42 35 1274 
953 355 998 
139 1316 903 
887 990 2424 
97 1286 328 
1393 905 1023 
2016 1774 2455 
1118 1504 2456 
165 1257 1320 
1849 360 707 
1420 68 2451 
1321 2451 1567 
362 429 824 
1307 1322 348 
2655 880 1323 
1323 880 363 
510 364 2313 
1324 2313 364 
1794 1324 633 
1324 364 802 
150 345 1325 
1961 200 180 
1480 1326 1622 
1327 1325 639 
2026 872 1325 
55 1234 39 
670 350 368 
1330 480 816 
1330 1308 1130 
1822 357 142 
1332 1654 1061 
1333 1024 1864 
2651 1734 2188 
346 286 1334 
354 373 1336 
622 302 1335 
1581 450 641 
346 1338 224 
1340 681 1898 
1337 376 865 
783 1345 1686 
1686 1345 1183 
277 1346 1979 
1922 1979 1346 
1922 1346 975 
1247 277 1347 
2162 1237 1640 
1640 378 379 
496 1557 446 
380 1810 740 
2437 2204 381 
805 1186 1564 
1212 1351 1350 
904 1623 1351 
371 284 1352 
922 384 310 
383 310 204 
813 194 810 
2423 1355 1878 
1356 1365 37 
310 384 1357 
69 357 1353 
357 388 1353 
1622 1018 807 
642 1643 1359 
1359 1643 2542 
2662 966 1359 
1359 966 642 
285 2650 2646 
682 479 1822 
2152 8 1361 
2482 1642 2042 
690 2532 1363 
416 2533 1365 
616 934 63 
161 1315 71 
2635 2665 1360 
917 624 390 
856 1367 1829 
624 1368 390 
390 1368 196 
196 826 38 
318 867 1369 
1269 837 808 
971 1159 1020 
1323 363 2 
164 976 113 
1474 1535 1366 
35 1366 1886 
1830 1289 1371 
113 336 398 
821 597 634 
634 597 654 
983 1253 393 
63 1771 402 
266 1600 1227 
1941 1377 855 
12 347 2460 
1323 2 883 
396 923 1378 
1380 349 300 
100 407 408 
583 1381 2349 
1382 1974 869 
321 1388 1383 
1387 751 618 
1859 1389 830 
1283 1286 97 
287 2540 1439 
88 733 1506 
811 1390 399 
1390 1293 399 
1610 1506 2245 
963 415 411 
411 415 1548 
88 813 810 
2242 962 644 
319 1391 2461 
1289 319 2461 
1114 339 1107 
810 542 814 
1288 20 1442 
1393 814 905 
1105 1525 33 
1619 1825 413 
2510 2533 171 
1023 905 1394 
1023 1394 1525 
1394 2003 1525 
17 94 984 
1076 1395 2211 
17 815 94 
878 1396 1621 
1399 1461 141 
273 1400 931 
931 1400 432 
183 1402 2414 
2414 1402 687 
1624 1390 193 
686 193 1294 
2421 1403 137 
1104 24 1924 
1297 1405 1839 
1405 1293 1839 
2019 1037 1411 
421 420 1518 
234 422 464 
1414 1413 1926 
247 1415 555 
423 335 1418 
1632 1001 1509 
1635 1235 1727 
1235 424 1727 
1305 1106 1416 
1999 2046 1418 
1354 806 1699 
2015 1421 426 
1255 2370 1271 
1255 1271 363 
1423 1052 427 
1285 1424 2118 
66 274 2534 
2568 2479 74 
2479 1902 74 
843 1425 279 
430 817 1427 
1427 1425 59 
284 371 1529 
1529 371 1429 
293 1243 818 
1246 818 299 
299 283 1238 
785 2437 1317 
1317 2437 381 
284 1529 1207 
1968 383 204 
593 388 305 
593 1430 388 
2662 1359 1696 
267 546 1699 
558 8 835 
161 1433 1315 
326 2613 1122 
1834 564 2574 
1384 1436 40 
321 1383 1437 
1167 123 30 
1439 1043 1284 
1506 733 2245 
415 443 1548 
179 168 565 
2047 1442 833 
1443 940 1519 
137 1403 273 
281 273 2543 
273 207 2543 
754 271 2463 
558 820 8 
1445 1592 2064 
1445 2064 2190 
1145 758 983 
366 2488 608 
2535 429 2666 
429 2535 824 
370 2342 1182 
375 374 431 
1300 1247 1338 
1244 1449 2472 
1450 349 155 
1452 2514 434 
426 438 2040 
1778 2567 1211 
825 933 400 
668 400 439 
1373 1456 1764 
660 985 1457 
1373 1457 1374 
1603 396 2192 
827 56 773 
406 441 1423 
156 40 673 
529 1458 1388 
1388 1458 884 
415 1459 1440 
307 1548 443 
810 814 733 
413 552 114 
1737 413 114 
1096 1304 2616 
160 1462 1550 
1550 1462 1633 
880 2655 1910 
1638 1464 2041 
651 55 39 
1847 1466 1332 
1332 1466 452 
1673 1466 2425 
1252 1539 2334 
64 1429 446 
1900 1564 2334 
1305 1994 2357 
2357 1994 823 
2047 2588 1468 
1468 1489 1469 
1469 1288 1442 
9 448 546 
73 72 1473 
1473 72 437 
1444 344 2439 
2142 1314 851 
1474 131 1535 
1315 145 71 
1596 2033 1277 
1277 2033 468 
451 875 1959 
1649 282 776 
443 2006 2466 
1476 1340 946 
1565 1477 1851 
2602 1478 1847 
1847 1478 1466 
257 2384 1348 
804 299 1238 
804 1238 1479 
1122 1481 1158 
855 468 173 
452 1654 1332 
2623 1635 1727 
945 480 831 
824 2535 831 
132 1482 801 
1540 920 1471 
1545 1086 151 
1894 307 2466 
832 2050 502 
712 377 663 
1485 1486 1398 
2246 2619 2343 
1490 695 1491 
920 456 1471 
660 1495 2043 
2043 1495 476 
1962 739 1409 
1475 804 1479 
923 599 513 
2140 1392 339 
1342 463 1522 
111 1497 1498 
1498 1497 988 
1499 703 2536 
887 1399 797 
797 1399 141 
1619 1501 1290 
1290 1501 1197 
912 323 1502 
782 49 1409 
1505 166 2556 
1422 166 1505 
966 2598 2532 
558 835 1421 
1421 438 426 
1603 1508 1376 
147 718 1509 
1509 718 1302 
245 21 1229 
1292 1608 475 
324 1511 809 
809 1511 1071 
1436 1384 1206 
1206 1384 476 
2110 836 837 
836 1512 837 
312 1513 1600 
707 1 280 
842 838 2580 
2580 838 640 
640 345 150 
478 1411 1069 
1450 2523 740 
2523 380 740 
20 941 1442 
1292 1575 1908 
1831 2576 459 
254 855 1377 
143 479 1554 
824 831 480 
744 2005 1518 
1518 2005 523 
1518 420 744 
1519 1299 522 
2535 693 2132 
1844 823 1994 
2357 823 342 
2181 1465 1307 
1127 1041 2458 
317 1262 1202 
1961 1520 988 
1830 1084 897 
841 500 288 
180 1322 1520 
180 1520 1961 
1322 1307 1520 
1488 1342 1522 
1061 1654 1335 
27 1492 149 
200 1961 1079 
1524 817 430 
1524 430 1028 
2530 392 352 
55 843 1234 
302 48 1547 
262 1529 1567 
483 1532 873 
913 2070 950 
790 1534 44 
844 918 154 
189 1914 370 
1536 370 2374 
1428 2422 1846 
224 1338 29 
1338 263 29 
467 184 87 
184 369 87 
14 351 1563 
467 1855 1015 
945 816 480 
704 241 2074 
2236 1331 206 
206 1331 992 
1809 453 202 
845 181 1428 
1995 490 487 
1268 490 1428 
128 1455 1454 
128 1454 919 
59 770 1427 
1300 1541 1247 
45 1738 114 
432 114 552 
1542 801 1482 
1763 1482 454 
801 1542 1484 
605 845 493 
1996 845 490 
493 845 1996 
881 1885 2679 
862 1535 131 
31 1061 1544 
431 455 1488 
1483 1545 1546 
801 1183 132 
1547 2440 1544 
577 916 495 
916 1730 495 
812 2539 76 
805 1900 1552 
330 1553 203 
203 1553 1507 
1557 496 95 
1310 1944 188 
499 103 297 
499 297 1142 
1555 179 885 
1511 324 2067 
1306 2418 2463 
839 854 2127 
109 1556 1261 
1261 1556 849 
1557 2332 64 
1557 64 446 
95 1560 1557 
500 832 1559 
832 502 1559 
2062 1036 122 
1353 545 69 
503 1557 1560 
1212 1561 1351 
545 1562 69 
1451 848 1731 
1731 848 609 
262 1563 1207 
1207 1563 504 
1850 1252 1565 
1565 1564 1186 
128 2235 1455 
393 1455 2656 
1387 1566 106 
1429 1312 902 
1529 902 1567 
262 1567 2256 
2256 1567 2451 
1563 262 14 
60 900 1695 
1987 333 1568 
181 2377 2422 
1846 2422 1569 
807 1018 2632 
1182 1678 189 
505 1260 2596 
505 898 1260 
2596 1260 159 
1551 2651 506 
1291 849 1572 
849 115 986 
461 848 1562 
1097 1313 392 
134 1573 1574 
1573 2352 1574 
1908 1575 492 
385 851 879 
308 1579 794 
794 1579 317 
1579 1262 317 
308 387 1579 
1579 387 840 
159 840 387 
1924 2520 33 
1318 1580 1210 
1210 1580 790 
1684 450 1581 
1560 900 511 
866 1582 1583 
703 457 2536 
855 254 1276 
1276 2344 1156 
852 208 1666 
546 448 1585 
1586 241 1905 
2445 1569 2422 
1587 1578 1769 
2110 1269 1588 
1269 1589 1588 
1589 2040 438 
1399 1590 1461 
1263 1410 1787 
1148 1836 1534 
1591 396 1378 
1591 1378 327 
145 534 71 
853 1647 2423 
2507 412 414 
1094 2507 1391 
1467 208 852 
2023 1594 2249 
2 363 1170 
1232 1595 291 
130 1596 229 
246 1170 1169 
1598 1597 439 
1566 244 1126 
1454 1455 1372 
1372 1455 393 
523 893 1599 
1597 776 282 
266 312 1600 
1775 672 714 
1159 2397 1020 
695 1274 746 
1518 163 421 
442 1458 529 
923 396 1603 
1367 856 857 
934 857 1771 
2644 56 16 
2037 2603 5 
2224 728 2225 
1407 1406 1064 
1406 839 1064 
1615 1606 1607 
1652 2232 1088 
2431 515 1284 
1284 515 287 
1506 1610 1120 
1120 1610 1436 
15 1611 939 
2518 644 962 
1555 1613 227 
2590 97 1290 
1290 97 1619 
1289 2461 1371 
239 269 1459 
910 948 1616 
948 329 482 
339 1392 1107 
906 2499 1618 
2499 906 859 
1606 1265 2520 
1265 2441 1105 
712 1620 377 
1621 1441 878 
889 1447 2425 
568 1447 889 
1623 949 1351 
1716 514 1073 
514 657 1073 
686 1624 193 
1104 1625 2201 
1540 243 1336 
45 860 1738 
1723 1627 294 
523 163 1518 
46 2573 1575 
2496 1854 1631 
1854 841 1631 
841 288 2572 
1632 573 2058 
1550 1920 2430 
470 160 1304 
2326 76 175 
2222 524 2317 
2317 1637 2318 
1638 1639 538 
2117 891 1426 
1833 254 1377 
378 1237 154 
783 2384 1345 
1944 1310 1068 
1126 532 2469 
124 1642 1259 
1645 613 1644 
863 134 1574 
343 89 1355 
864 1355 2423 
865 48 302 
1337 302 622 
1583 161 71 
866 71 534 
1649 1648 282 
1650 406 1377 
1650 1377 1941 
1651 2527 868 
869 2120 1382 
1573 134 2166 
2039 850 2638 
1094 1391 1709 
797 1943 887 
887 1943 990 
2590 1290 1653 
1290 1197 1653 
1397 1398 888 
888 1486 623 
1301 1655 2320 
2320 1655 1162 
1005 2414 687 
1104 2075 24 
1658 1657 481 
1807 1299 1519 
602 2131 2233 
893 1659 1599 
1723 1660 1627 
348 871 1307 
1307 871 2181 
1661 1492 366 
1465 1662 988 
1662 2092 1498 
111 2092 2563 
1662 1498 988 
367 1665 21 
1281 39 2165 
1281 2165 367 
789 1666 1667 
1666 2328 1667 
518 2534 1408 
2534 183 1408 
2445 2555 1669 
2555 539 1669 
728 1285 2196 
212 630 1448 
212 1448 59 
1064 839 2127 
2026 108 872 
439 1597 1671 
1597 282 1671 
873 488 483 
488 873 1672 
1532 1204 873 
452 1466 1673 
630 1946 1448 
1382 1257 1674 
1674 462 540 
847 485 1675 
992 1331 1676 
1331 135 1677 
1676 1677 2570 
189 1678 1178 
1178 1678 456 
1678 1471 456 
874 1679 178 
1333 178 1679 
373 1681 1336 
454 1482 132 
1680 1681 373 
1540 1471 2278 
1471 306 2278 
622 205 1337 
2560 25 1777 
1587 2560 192 
1868 1683 230 
1762 2343 2619 
567 1171 95 
122 502 1967 
1541 1029 277 
667 1898 681 
1521 681 1766 
801 1484 1686 
498 41 2673 
1687 188 846 
694 562 1745 
2266 765 544 
765 1689 544 
32 2472 2429 
196 1690 390 
343 864 1690 
1690 958 390 
420 421 1417 
1352 1740 901 
1918 1692 1199 
1199 1692 116 
1863 496 446 
557 1558 501 
1477 557 1851 
876 1695 900 
64 1312 1429 
2332 877 64 
257 1348 1551 
1551 1348 2651 
1539 1259 1642 
1697 425 153 
1697 153 2632 
2482 1313 1642 
1313 174 1539 
1396 878 359 
79 1575 1292 
1358 1698 1431 
267 9 546 
143 1554 391 
2036 492 2573 
2154 1577 2571 
1354 1699 689 
1699 546 1949 
1314 1700 2517 
879 2517 386 
1258 174 1097 
1363 1480 2163 
4 242 1571 
1357 1701 2053 
281 1400 273 
1314 1703 1700 
131 119 862 
862 119 1634 
195 99 144 
2426 1814 534 
2 13 548 
1598 439 400 
1598 400 933 
2 548 883 
439 1671 668 
1671 549 668 
1940 2264 1367 
549 1671 403 
1671 282 403 
822 1549 550 
1510 2678 882 
2678 462 550 
1755 1656 1707 
58 883 1434 
211 1434 2460 
2460 1434 548 
100 2265 1886 
440 2008 724 
126 729 409 
333 517 1173 
1602 1707 1397 
1707 1656 1397 
729 126 787 
1908 1608 1292 
884 1458 2226 
858 884 2518 
1388 884 858 
1604 885 179 
1709 2589 1021 
1811 2507 414 
907 619 75 
812 194 813 
194 1710 1489 
1489 1710 1288 
1712 1395 1711 
1711 2455 1774 
1712 514 1716 
482 329 2082 
1616 979 978 
2612 565 1713 
517 333 1713 
1124 459 551 
79 46 1575 
2170 1114 1916 
1399 887 2424 
28 814 542 
485 2474 1266 
1714 1712 1584 
854 1133 725 
878 1441 417 
1716 272 1584 
552 1401 432 
1870 1486 1485 
2238 1718 1719 
1404 294 2465 
1656 1404 2569 
2143 1942 1153 
1403 207 273 
798 193 811 
798 811 1942 
1629 637 458 
1305 555 1994 
555 662 247 
981 2419 256 
421 163 1416 
735 1463 1726 
1726 1463 129 
1636 1058 2631 
1741 2478 2495 
146 1728 1553 
959 1543 1613 
1801 1729 1646 
1646 1729 1880 
2488 2568 834 
1654 527 874 
874 527 1679 
816 945 946 
1024 2467 1864 
48 2440 1547 
916 620 1730 
1688 161 1583 
494 559 669 
776 1597 2454 
1724 1733 554 
2431 1284 2648 
1611 15 2326 
565 168 1752 
890 1118 1628 
637 2557 458 
2616 2430 2485 
1636 1463 1058 
1419 1636 2623 
1447 892 1673 
2283 577 1245 
1245 299 804 
504 1563 1735 
1563 351 1735 
1584 338 1287 
1737 114 1738 
471 1531 2609 
1328 2609 2465 
1659 893 281 
893 340 281 
1659 281 2543 
717 527 452 
717 452 1673 
894 1675 1138 
894 1138 453 
292 1739 1559 
1559 1739 500 
288 500 1739 
1965 1689 1869 
1965 1869 1740 
2537 1100 1067 
382 204 170 
653 1360 1742 
1742 1360 1743 
1743 1360 199 
1744 1361 8 
161 1745 1433 
1433 1745 1746 
730 564 896 
2251 970 1751 
1459 269 1440 
1656 1755 1723 
1723 1755 1660 
1702 850 94 
141 1839 1293 
222 2101 218 
1005 1756 2414 
183 1756 1408 
1408 1756 1444 
1153 1040 121 
1757 234 659 
2073 2552 1759 
1759 2552 2394 
964 505 110 
489 1329 1267 
1329 368 1267 
1804 567 496 
2659 362 824 
1761 295 217 
1761 217 2668 
757 11 1728 
1500 1763 454 
660 1373 1764 
2488 366 1765 
1932 1200 2309 
1184 265 1766 
1766 265 904 
495 570 1228 
96 570 771 
867 826 571 
826 320 571 
1767 1444 2439 
1824 1768 1586 
1586 1768 241 
1769 25 1587 
957 2521 1770 
1740 1869 1175 
364 510 754 
2459 407 100 
495 1309 577 
1309 293 1246 
1724 2575 683 
60 1696 900 
1696 511 900 
1352 901 915 
915 901 374 
116 459 2576 
2436 579 739 
947 739 579 
980 2066 2034 
1722 980 2034 
1514 566 679 
1226 1641 1772 
687 1046 37 
1318 580 1263 
1389 1859 1773 
386 1222 1494 
2419 436 147 
1034 2004 1776 
2004 343 1776 
1179 405 123 
2561 139 950 
976 2007 1977 
571 320 1940 
1778 1769 2567 
1778 1211 909 
1778 909 908 
904 1561 1766 
382 170 1909 
112 54 530 
530 54 1861 
410 2658 1780 
753 1781 1871 
1871 1781 1730 
330 203 936 
359 1782 1087 
1087 1782 1646 
473 1618 886 
125 1381 2508 
1954 203 1507 
1030 672 2138 
1784 1783 1956 
608 2488 834 
724 1786 2529 
1787 1085 537 
359 878 1782 
2593 861 1788 
1789 586 1127 
1460 445 337 
1617 1987 1568 
1647 853 110 
757 146 1792 
182 149 1661 
2330 1664 802 
802 1496 633 
1798 530 1861 
453 911 202 
202 911 1541 
1541 911 1241 
1795 311 680 
131 1474 1760 
1760 42 1490 
1490 42 695 
2580 1799 842 
1349 298 1796 
1796 263 1347 
1347 263 1247 
2313 1324 2480 
1794 1932 2480 
568 589 1447 
2218 697 605 
568 2476 1799 
1777 25 912 
2673 41 1800 
41 2076 1800 
1548 307 2515 
915 374 375 
1863 915 1804 
915 375 1804 
2020 548 13 
889 2425 1806 
1806 1478 1763 
798 1936 1294 
1294 1005 34 
1299 1807 1930 
1930 1807 1657 
1530 899 932 
1975 894 1809 
894 453 1809 
390 958 917 
2461 1811 1614 
1257 1812 1736 
1736 1812 1044 
1334 1300 346 
140 918 844 
378 918 290 
1233 569 639 
1814 1513 919 
1017 593 305 
1593 2600 116 
32 1693 1344 
588 1629 2098 
326 2122 2613 
1068 93 1872 
1872 1494 1222 
2042 1642 124 
494 2482 2042 
1160 1818 1261 
1261 1818 109 
456 920 630 
1950 613 1645 
946 1340 1898 
53 907 2196 
1821 682 1822 
1095 2154 2198 
349 2198 155 
1905 922 1586 
395 928 574 
2426 534 145 
1501 413 1737 
1302 138 1632 
400 1826 825 
590 0 1777 
857 98 1771 
1513 1370 1600 
730 1827 1750 
730 1750 535 
73 489 72 
259 2000 1275 
1275 1828 2521 
47 512 2024 
1226 2024 397 
157 1897 942 
232 927 1610 
951 2654 598 
814 28 905 
905 1720 1394 
1378 923 513 
1280 325 2654 
993 1829 325 
2118 1424 2114 
1424 1088 2114 
17 984 1830 
957 1770 2427 
1770 955 2427 
65 2576 2537 
2537 1831 1311 
1311 1831 1354 
1831 459 1570 
924 1832 1279 
2626 924 859 
427 1177 1833 
427 1833 1423 
1833 406 1423 
2443 1009 2225 
1503 925 1533 
1533 925 1286 
925 1836 328 
1148 1534 1580 
1534 790 1580 
2048 665 617 
665 88 1506 
926 409 442 
529 926 442 
927 40 1436 
1410 600 1787 
1787 600 1085 
1628 358 2014 
358 815 2014 
1985 1753 1364 
1039 2526 860 
2428 643 2381 
2381 643 2115 
611 2217 1101 
1387 106 1843 
18 1838 1461 
1838 18 2054 
512 1381 125 
1838 1839 141 
2456 2124 1118 
1724 1576 1733 
1733 705 77 
1788 419 1840 
522 1840 1443 
419 207 1840 
1840 1403 1443 
216 1936 798 
554 1733 274 
52 2458 1100 
928 1841 574 
578 121 1040 
1405 578 399 
1630 1842 121 
322 2417 929 
929 820 558 
930 655 22 
1019 930 22 
1301 2320 138 
1301 1411 1655 
1655 1411 1037 
478 428 2593 
1772 1641 1845 
1548 2325 411 
411 2325 587 
1428 1846 1268 
1268 1846 680 
1536 845 605 
181 845 1536 
1790 1848 1997 
1997 1848 2379 
1741 2457 1344 
376 2457 865 
1033 1850 1851 
60 190 2669 
2064 1852 2190 
1855 576 2088 
237 467 108 
827 1823 16 
143 391 305 
768 509 2635 
607 2183 1356 
472 1356 37 
1401 1719 931 
1719 137 931 
931 137 273 
1925 422 423 
366 608 1661 
1661 7 182 
1233 1860 569 
1078 800 1956 
483 488 120 
630 212 1901 
483 932 1532 
50 1316 139 
2442 1808 1862 
1308 1330 1007 
371 1863 446 
2461 1614 1371 
1572 849 986 
1572 986 85 
535 1750 1865 
1866 603 1621 
1621 1867 1441 
2512 2162 609 
2106 1868 1761 
1790 1791 1848 
374 1175 176 
1868 2106 1683 
339 1870 2140 
292 1871 1739 
1739 1871 620 
1135 126 409 
82 1944 1068 
2391 1873 1959 
1873 1874 1959 
2403 1875 1691 
1691 1875 236 
2478 1250 671 
1773 1859 1691 
1875 2403 1874 
107 1876 1877 
1877 1876 1744 
807 2632 1698 
159 1134 2596 
1358 807 1698 
1776 38 1034 
2596 220 614 
614 1879 2263 
1749 2112 626 
1725 946 1898 
314 313 921 
1933 145 1315 
1618 1653 886 
1732 1881 397 
1375 1884 1887 
484 1883 985 
1883 215 1457 
549 606 598 
408 407 1605 
56 1605 773 
100 1886 2459 
934 1771 63 
1375 1887 1792 
547 1884 1375 
935 1889 2608 
2621 1823 2427 
2427 955 90 
978 936 1890 
1890 936 203 
347 1835 211 
1386 618 2601 
2621 1386 2601 
46 79 1971 
1971 79 1892 
1893 1612 356 
939 2431 2648 
792 62 1894 
1439 619 1107 
168 1032 1752 
941 833 1442 
700 797 141 
141 1293 700 
1895 2201 1625 
1895 1625 191 
2003 191 1525 
1896 1295 2462 
1074 2018 1930 
942 1897 2485 
942 2485 2430 
2473 420 1417 
1725 1898 1472 
1900 174 1258 
1552 1258 304 
630 1901 456 
1902 2365 209 
1680 1342 1488 
1680 1488 455 
132 1183 1903 
132 1903 1862 
557 1904 1558 
704 612 241 
241 612 1905 
1905 1876 107 
593 671 1430 
671 1250 1430 
779 1789 159 
840 1789 1127 
175 944 2326 
944 1611 2326 
1907 210 2442 
1862 1907 2442 
935 2608 1832 
1608 1908 2056 
275 1497 111 
680 2483 1268 
1997 1472 1790 
1725 1472 1006 
2636 969 895 
2481 1906 1909 
1906 382 1909 
1879 2501 2263 
148 177 507 
835 1588 438 
2655 1865 1910 
2013 941 20 
1073 1081 585 
1479 576 1911 
2432 968 1912 
851 385 2571 
1911 1475 1479 
305 1102 1017 
946 945 1476 
1476 1239 2503 
1473 817 1524 
185 83 2519 
1914 2374 370 
889 1806 899 
1806 1763 1500 
2613 1481 1122 
1648 1649 2271 
739 947 1409 
2646 1002 1045 
1526 1860 838 
196 1776 1690 
53 61 1916 
1289 984 1272 
1289 1272 319 
1272 1717 319 
2040 1589 2484 
2192 1508 1603 
1640 1237 378 
1954 1890 203 
388 357 143 
479 357 1822 
183 2414 1756 
148 1933 1315 
566 1514 275 
1492 1951 366 
366 1951 1765 
1765 1951 2605 
488 102 120 
913 950 2660 
1784 1514 57 
2484 2145 2040 
1581 224 1918 
224 29 1918 
2632 185 1697 
185 1083 1697 
1515 1919 2492 
1919 1920 2492 
291 1595 183 
207 419 2543 
2543 225 1659 
219 2090 1921 
1922 975 625 
975 447 217 
24 1319 1924 
798 2205 216 
1587 952 1578 
1925 1926 422 
1720 2641 1927 
1928 2522 2579 
1122 1009 1856 
1115 2287 353 
1039 860 340 
340 860 45 
1628 897 520 
156 476 1384 
1500 1862 1808 
1500 1808 899 
582 1834 175 
1728 2350 1507 
2249 547 2023 
1594 2023 1933 
1934 1993 1921 
2056 1908 1935 
1625 1924 33 
1657 954 481 
954 92 1379 
1629 588 2034 
1936 216 344 
200 1079 1938 
1528 1795 1938 
1298 1918 29 
36 1234 279 
2530 352 1939 
1594 1933 148 
119 1703 1634 
571 1940 2617 
533 1940 1367 
1931 90 955 
2520 1319 1606 
847 1945 2474 
2474 1945 235 
198 986 1841 
2483 1316 50 
28 542 1468 
1489 542 194 
956 1947 1184 
956 1184 1278 
1340 1278 681 
2595 1948 2681 
1948 540 2681 
1762 696 243 
9 267 631 
267 2138 631 
52 689 1949 
689 1699 1949 
2430 1920 1919 
942 1919 1515 
54 921 1732 
1778 323 1769 
113 976 336 
336 1928 2579 
883 2655 1323 
827 632 957 
632 1181 1275 
2274 2486 1952 
1954 1507 2275 
1716 1584 1712 
329 948 1364 
981 256 1767 
1078 1956 1528 
932 1808 1532 
1808 2442 1532 
1332 1061 31 
1847 31 2602 
1038 841 1854 
167 2487 885 
167 885 1604 
2311 1264 2363 
1765 2444 2488 
1154 1988 761 
342 2021 1726 
1726 1960 735 
342 1726 129 
972 2489 982 
1966 982 1057 
2594 2282 896 
1497 1079 1961 
304 1258 732 
1644 1643 952 
2431 1963 515 
1244 2472 1249 
1964 1807 1519 
1964 1519 940 
1740 284 636 
1966 1057 2145 
502 2050 1967 
2050 2672 1967 
922 1905 107 
60 2669 2662 
511 1696 2542 
1072 1969 1595 
1595 1402 183 
2138 672 631 
1437 1383 1892 
1383 858 1971 
858 962 1971 
286 2677 1972 
1000 1972 1973 
1972 209 1973 
2207 1774 1059 
1971 962 46 
962 2242 46 
1760 1490 2649 
971 669 1704 
1704 559 1592 
1928 976 1977 
277 1979 1347 
2460 548 2020 
173 1941 855 
856 1829 993 
856 993 98 
1742 830 653 
2203 55 651 
706 1982 2099 
2099 1982 197 
2099 197 617 
948 1984 1985 
867 571 1369 
1369 2617 2288 
1369 2288 1113 
1327 639 526 
1336 1681 1601 
1681 2333 1946 
713 1080 1281 
713 367 852 
1364 1753 2541 
1754 2541 1753 
1664 223 1986 
1890 1954 1987 
1251 188 1687 
755 1687 1339 
651 1989 2221 
853 964 110 
965 2645 1270 
86 965 1747 
253 1990 1991 
1018 185 2632 
954 1657 635 
469 221 1978 
1110 1996 1995 
1996 490 1995 
626 2049 1749 
2049 1928 1977 
641 224 1581 
541 1997 2379 
1123 1947 1998 
1998 1947 956 
1088 1424 1780 
250 1983 1650 
998 484 985 
1684 1581 1199 
1868 967 2060 
230 26 967 
967 26 1150 
2060 967 1516 
967 1150 1516 
2000 259 1174 
1279 327 332 
968 1688 1583 
1477 1565 1185 
1185 1565 1186 
2002 2478 2001 
2495 2478 2002 
704 213 996 
1801 1517 1729 
1517 643 1295 
1160 506 1818 
37 1046 472 
1358 2163 1622 
1838 2054 1839 
2054 1297 1839 
2094 85 198 
1821 2004 682 
1538 109 1818 
125 2508 615 
970 979 1751 
2005 1039 523 
523 1039 893 
2631 1937 80 
1704 229 1917 
2468 1815 1253 
1815 1454 1372 
2006 443 1440 
2279 1440 269 
822 2007 1549 
1214 2562 1798 
1624 700 1390 
1390 700 1293 
100 408 2316 
408 2644 1179 
724 144 440 
144 99 440 
2011 2012 1456 
232 2441 2358 
1264 1984 910 
1984 948 910 
2013 1785 219 
1830 897 2014 
1830 2014 17 
322 2015 2489 
2015 426 1057 
2015 1057 2489 
633 973 569 
973 526 639 
649 1955 2017 
649 2017 1629 
2017 637 1629 
519 1052 1089 
2014 815 17 
2470 1893 334 
2652 334 1225 
372 658 2366 
1299 1930 2018 
2057 1299 2018 
1037 2018 2159 
478 2593 1411 
2434 436 2021 
823 2021 342 
1726 2021 1960 
1960 2021 1446 
1325 872 150 
1670 59 843 
383 1968 1922 
1326 1018 1622 
190 974 1326 
89 343 2004 
1075 1672 774 
873 1204 2299 
1672 2299 774 
397 2024 2035 
125 2084 512 
2084 2035 2024 
191 33 1525 
585 2625 272 
168 2025 1032 
424 2473 1727 
1176 360 2618 
1799 589 568 
591 1989 2369 
1989 651 1080 
2026 2213 237 
350 485 1266 
1024 369 2121 
2121 369 184 
2668 217 447 
663 2027 2234 
2027 31 1544 
2234 1544 2440 
547 1375 2028 
2028 1375 1227 
2028 1227 1600 
2028 1600 1370 
113 398 2029 
1472 1898 2030 
2030 1898 667 
1360 653 2635 
2032 198 928 
2446 881 2123 
2034 649 1629 
1456 1373 2011 
1373 655 2011 
397 2035 1732 
1861 1732 2035 
1650 2254 406 
1553 796 146 
1533 2676 999 
979 1616 482 
1948 516 959 
516 1543 959 
133 990 1943 
133 1943 536 
233 2031 1985 
1027 2127 2223 
1027 2223 657 
635 1964 92 
92 1964 1715 
1722 2201 1895 
2066 980 1927 
980 1895 2003 
1927 2003 1720 
344 1444 1756 
870 2557 658 
2557 1685 458 
981 1767 525 
2452 68 1420 
1420 2295 2137 
2038 2137 613 
2038 613 1950 
972 982 2011 
1143 1875 1874 
1143 1874 1873 
1577 692 2571 
983 2545 1253 
1832 2608 1279 
2574 1435 1834 
1834 944 175 
1717 1272 2039 
1272 984 2039 
2039 984 94 
426 2040 2145 
1639 2041 2666 
2041 1668 2471 
1904 557 1090 
1852 494 2042 
309 1857 391 
305 1857 1102 
1102 1857 2289 
1648 2615 403 
998 985 2043 
985 660 2043 
661 2412 440 
661 440 99 
1709 319 1717 
1599 1659 2044 
1659 225 2044 
145 1933 1370 
119 1002 1703 
1703 1002 1700 
1089 2045 1163 
2362 987 222 
1617 910 1616 
1617 1616 978 
1999 2340 1235 
1235 2340 424 
1235 2046 1999 
376 664 1344 
1344 664 32 
664 1249 32 
2007 2069 2647 
654 2435 634 
1970 2649 1491 
965 1491 2645 
1442 2047 1469 
88 665 2048 
1832 989 935 
1327 2026 1325 
628 666 2031 
2424 990 2006 
907 53 1916 
2522 1928 2049 
549 2051 668 
1923 2052 2614 
104 2614 1166 
170 310 1357 
152 153 425 
1222 303 2296 
303 425 2296 
1721 471 991 
1704 1592 229 
394 2268 2581 
313 2581 1881 
1503 2611 1505 
1503 1533 2611 
1533 999 2611 
2156 2624 2599 
1515 1297 2054 
1524 992 1473 
1851 557 501 
1935 2079 2056 
1608 2056 2470 
1299 2057 522 
592 1328 2465 
1855 237 576 
573 554 66 
1037 2019 2057 
2019 2593 1788 
2057 1788 522 
518 2058 66 
2058 573 66 
1632 2058 1001 
525 1446 2477 
1446 2021 2477 
2059 610 2022 
670 2022 1132 
1761 2060 295 
2060 1516 295 
468 2033 595 
2625 2025 227 
2062 122 1684 
534 1814 1815 
866 1815 2468 
498 2673 1980 
391 1554 2490 
714 672 1701 
242 1701 1571 
494 1852 559 
559 2064 1592 
2066 2065 649 
2034 2066 649 
484 998 2067 
2067 998 355 
355 828 315 
144 936 195 
195 978 979 
2428 2381 994 
994 1737 1738 
1297 2492 578 
121 578 2492 
1926 464 422 
2069 821 1748 
2069 1748 2647 
1308 2070 913 
2072 2071 41 
2072 41 498 
396 1591 136 
1336 1601 1540 
625 295 2074 
1768 2074 241 
283 818 995 
995 1243 290 
1412 995 1813 
995 290 1813 
24 2075 18 
2076 1128 210 
6 1031 2393 
1938 2077 200 
200 2077 677 
705 575 1003 
19 2493 410 
1062 1143 1620 
1620 1873 2390 
2007 822 2150 
822 165 1320 
2080 1361 1744 
974 190 2178 
2178 2217 611 
2080 1744 1876 
996 2080 612 
2231 1051 2081 
2081 1051 563 
1992 1887 1884 
952 1645 1644 
1645 952 1587 
1645 1587 192 
227 2025 1555 
1555 2025 168 
1364 1460 329 
1460 337 2082 
325 1705 2051 
2051 1705 668 
167 1974 937 
50 2337 2331 
1648 997 2615 
2565 1757 1758 
464 1926 1413 
490 1268 487 
1172 2083 676 
1798 1861 2084 
1861 2035 2084 
2085 1280 951 
1280 1805 2652 
280 608 834 
488 2086 102 
102 2086 2471 
1748 2112 1749 
450 2677 641 
2657 2642 2658 
1025 173 595 
595 173 468 
2043 476 953 
1378 2611 999 
1378 999 327 
725 1032 2189 
725 2189 1081 
1984 233 1985 
1985 1364 948 
210 1907 1800 
286 1000 1334 
1000 1975 1809 
1334 1809 202 
1957 338 272 
1337 205 2087 
205 178 2433 
2087 2433 960 
595 395 574 
283 2088 1238 
1238 2088 1479 
457 2038 1950 
1045 119 131 
757 1792 2089 
291 77 1232 
77 1003 1232 
1232 1003 2091 
1003 575 2091 
1004 2092 361 
915 1863 1352 
1352 1863 371 
37 34 687 
235 1803 2474 
1006 1997 541 
1007 1006 2395 
1006 541 2395 
673 963 828 
491 1958 1543 
2094 214 895 
2094 198 2032 
2665 1746 199 
287 1835 268 
1835 347 268 
625 1768 1922 
1768 1824 1922 
842 1194 2097 
1194 2095 2097 
2297 1200 2298 
2097 2095 2298 
676 2151 1172 
2455 1395 2491 
1576 2491 705 
834 1010 280 
280 1 7 
1968 1796 1979 
1979 1796 1347 
943 1098 521 
2581 1641 1881 
2389 377 2390 
377 1620 2390 
865 2457 486 
260 458 1685 
2098 458 260 
1701 1357 1571 
2053 1701 672 
177 148 1014 
148 1315 1014 
1014 1433 1746 
288 620 2572 
184 467 1015 
1015 1855 2088 
1412 2088 283 
1016 1953 1282 
2099 617 665 
617 197 1168 
2100 537 1085 
537 2100 1718 
2100 2421 1718 
2411 661 1385 
1064 2127 2101 
1904 1090 667 
209 1759 1902 
2073 1759 209 
6 270 1637 
235 2582 1803 
1163 2045 2102 
2045 441 1385 
2102 1385 2251 
1017 2103 2104 
1017 2104 593 
593 2104 671 
2059 791 2106 
2342 370 697 
170 2053 1909 
1909 2053 1030 
2339 176 1175 
377 2389 1484 
2087 376 1337 
1380 103 1552 
103 805 1552 
1106 1417 421 
2358 1615 477 
355 315 601 
2067 601 1511 
1033 1851 501 
2108 2187 701 
2109 1291 1572 
2109 1572 240 
2151 676 2110 
524 711 1637 
1637 711 6 
626 2112 508 
2471 2086 693 
43 231 1019 
685 1019 1022 
1022 1019 22 
1576 1724 2016 
1724 683 2016 
1976 2113 2506 
1368 624 825 
2648 1797 1785 
1043 1107 1392 
1709 1021 1094 
1021 444 2114 
914 2115 1517 
473 532 2200 
2200 532 1126 
2116 1957 1958 
2116 1958 491 
1393 1023 1111 
34 1035 686 
2541 1379 2126 
884 2183 2518 
526 2117 1327 
1962 2119 1053 
1382 2120 1812 
1812 2120 1044 
184 1015 1682 
2121 1682 140 
1024 2121 140 
1025 1978 221 
12 2020 1493 
896 564 582 
919 312 584 
832 353 2050 
525 1767 2439 
1795 680 1569 
1007 1330 816 
370 1536 697 
1536 605 697 
554 573 2575 
1766 1561 1521 
1561 1212 1558 
681 1521 667 
1521 1558 1904 
1796 1968 1349 
382 1349 204 
1968 204 1349 
703 1499 246 
162 2093 2123 
1634 1703 162 
782 688 2113 
1754 1753 2031 
2031 1753 1985 
1026 657 514 
1026 514 1711 
2455 1711 1395 
464 2119 234 
234 335 422 
422 335 423 
1925 423 2096 
2125 1844 719 
2434 2125 147 
1213 1223 1033 
1460 2541 2126 
20 938 2013 
2013 938 1785 
938 2648 1785 
581 2129 2128 
2128 2129 2160 
1950 1645 192 
755 1339 2130 
1363 2547 690 
1270 2212 1747 
1053 2119 464 
596 2154 732 
53 1285 1117 
1117 2118 444 
1617 978 1890 
1795 1569 2077 
691 2131 2453 
831 2132 1239 
2132 693 1075 
111 2563 566 
4 1571 460 
2432 2449 2680 
1066 1189 1034 
1034 1189 682 
105 1912 1538 
2587 2047 2667 
2119 1962 49 
1925 1303 1926 
1937 2631 2133 
1706 474 1510 
474 1706 2029 
2029 1706 113 
164 1706 882 
1854 1853 1038 
1038 2134 353 
353 2134 1115 
1030 2053 672 
2151 2110 1432 
80 1050 2643 
1050 470 2096 
381 2204 1819 
2204 2109 1819 
2625 227 1957 
272 2625 1957 
2539 812 1609 
617 1609 2048 
1609 812 813 
2048 813 88 
1758 1757 659 
1213 1049 1223 
1850 1033 1259 
1664 1986 1496 
1496 1986 973 
973 1986 526 
1487 1644 613 
1365 1035 37 
435 1786 2008 
2008 1786 724 
582 175 1054 
2481 2138 806 
1570 2174 806 
1570 806 1354 
1477 1185 2139 
1185 1791 2139 
557 2139 1090 
2516 122 1036 
2516 1036 1013 
1973 209 2365 
938 15 939 
2109 240 1819 
1819 240 969 
699 1892 79 
615 1798 125 
987 1162 2159 
1162 1037 2159 
2643 2096 2046 
423 1418 2046 
1331 2236 135 
1967 2672 450 
652 2141 696 
696 2141 243 
1241 610 1029 
610 2668 447 
2142 692 2637 
2142 2637 162 
1888 1164 58 
1612 1893 2009 
2009 1893 2055 
918 140 1813 
140 1682 1813 
1682 1015 1412 
1939 563 2530 
890 359 1504 
2231 1820 2144 
101 596 732 
1970 86 1431 
1514 648 57 
1657 2146 1930 
1930 2146 1074 
1939 352 684 
684 352 494 
684 494 669 
896 582 2594 
1038 832 500 
13 246 1915 
465 1758 2504 
2147 659 2119 
627 1119 2065 
1927 2065 2066 
1475 1911 2148 
2089 1736 1044 
2314 1663 271 
838 842 1526 
653 768 2635 
2149 1140 2531 
1509 1302 1632 
655 930 972 
399 578 1040 
1040 1153 1942 
2494 2150 1320 
3 457 703 
2152 81 2151 
81 1172 2151 
870 1053 1413 
1036 2062 2600 
2062 1684 1199 
1063 1287 338 
21 1467 367 
285 1221 2650 
2153 222 987 
1358 86 2163 
868 1042 2544 
1042 118 2544 
473 2156 532 
213 704 2157 
1392 1797 1043 
1263 2158 1318 
2421 137 1718 
1718 137 1719 
987 2159 1074 
245 1229 27 
245 27 149 
238 793 977 
891 2160 1426 
2129 2148 2160 
1206 706 1436 
2495 2457 1741 
1186 805 2161 
2161 805 103 
1923 2002 2001 
2168 1446 525 
1453 2081 1196 
1703 2142 162 
703 1169 3 
673 239 1459 
963 1459 415 
1402 1969 1046 
303 1222 1221 
1210 1052 519 
1210 519 580 
2591 1923 1773 
1773 1923 1389 
1923 2614 1389 
1731 531 1047 
1451 1047 1821 
531 1878 1355 
1047 1355 89 
1821 89 2004 
2163 86 1747 
928 395 2164 
395 2033 2583 
187 2164 2583 
2443 1856 1009 
182 7 698 
428 1048 2177 
1048 719 2177 
2052 2001 2104 
2104 2001 671 
29 263 1298 
1462 160 1937 
1050 80 1937 
811 1040 1942 
1101 1171 463 
1343 463 1342 
383 1824 310 
310 1824 922 
1573 2166 1049 
1049 2166 124 
1051 2530 563 
11 1044 2167 
1044 2120 2167 
2622 1825 2670 
2168 2143 710 
2116 491 2009 
1063 2009 2055 
1990 253 2179 
2179 253 1853 
2319 364 754 
2169 911 453 
1055 1108 96 
736 1056 2195 
1056 172 2195 
1363 2163 2547 
426 2145 1057 
1370 2023 2028 
1026 1774 2207 
339 2170 1870 
1870 2170 1486 
675 1935 492 
1935 1908 492 
675 492 2036 
2360 2171 2017 
2143 2168 2172 
2168 525 2172 
2172 525 2439 
536 1943 1082 
797 700 1082 
1082 700 1624 
398 336 723 
928 2164 2032 
1026 1027 657 
1514 679 648 
712 2173 1062 
1062 2173 2324 
692 2142 851 
892 1447 589 
892 589 2546 
2546 589 2580 
1650 1941 250 
1941 638 250 
1925 2096 470 
1925 470 1303 
486 2495 1899 
341 1899 2661 
1899 2002 2591 
1288 745 20 
328 1619 97 
298 263 1796 
1446 560 1960 
2151 1432 2152 
2152 1432 8 
7 1 698 
2016 683 1059 
117 2231 1174 
1174 2231 1453 
861 2450 225 
2174 621 1906 
806 2138 267 
623 61 2475 
2175 709 2475 
2175 444 78 
2068 2133 2176 
710 556 560 
2177 1415 247 
1174 1453 2000 
2000 1828 1275 
581 1092 2496 
581 2128 2216 
710 560 2168 
2168 560 1446 
600 445 2126 
2126 445 1460 
1990 2179 645 
2177 247 2450 
689 1311 1354 
1658 1406 1407 
1658 1407 2146 
215 1099 1131 
2083 2195 172 
1060 796 330 
2215 1060 330 
149 182 2180 
2148 1911 1426 
1620 712 1062 
1 2181 698 
1957 2116 338 
2116 1063 338 
265 1317 1623 
1623 381 949 
1361 2080 716 
2080 996 716 
1361 716 81 
2182 964 853 
2182 853 1341 
1109 2182 1341 
1608 1805 475 
1805 1280 2085 
1019 242 43 
1406 628 301 
1406 301 839 
871 2180 698 
2183 416 1356 
2485 2184 2616 
404 1071 764 
1516 2185 295 
295 2185 2074 
2185 704 2074 
872 2061 150 
2186 2061 2584 
87 2186 2584 
746 2486 2274 
1361 81 2152 
2651 2188 506 
506 2188 105 
1081 2189 585 
1032 2025 2189 
2189 2025 2625 
2146 1407 2153 
2407 722 1270 
2191 1828 1149 
2521 2191 1770 
597 1070 654 
2192 396 136 
1889 136 2608 
527 717 2194 
2194 717 1192 
656 2000 1453 
2195 2083 1172 
1041 1067 1100 
2146 2153 1074 
2056 2079 2055 
662 1599 2044 
719 718 2125 
2125 718 147 
2219 1715 1085 
2139 1791 1790 
2196 907 75 
718 719 1048 
1069 1048 478 
404 47 1071 
1803 2197 228 
155 2198 385 
385 2198 2571 
2198 2154 2571 
1595 1232 1072 
1232 2091 1072 
2091 67 1012 
654 1070 2249 
2249 1070 1884 
473 2200 906 
906 2200 2626 
1104 2201 2078 
523 1599 163 
2165 39 1234 
1077 1992 2202 
1992 2494 2202 
1257 2202 1320 
1034 682 2004 
1066 1034 38 
1670 2203 212 
118 2072 2544 
2072 498 1129 
868 2544 1913 
2156 473 886 
2291 706 1206 
2205 2143 2172 
2205 2172 216 
344 216 2439 
1071 601 587 
587 315 411 
1027 1026 2207 
1027 2207 2101 
1031 248 720 
528 248 721 
1988 528 761 
761 721 1981 
1508 2192 1159 
1159 2192 1065 
2153 987 1074 
1068 1872 2208 
1983 2209 2413 
2413 2209 435 
1075 693 2086 
1672 2086 488 
2643 1635 80 
1883 484 201 
2210 2078 2201 
1722 588 2210 
1241 2022 610 
675 1076 2211 
1076 2491 1395 
708 2212 722 
2117 1426 2213 
1426 1911 2213 
2213 1911 576 
2213 576 237 
1393 733 814 
1887 1992 1077 
1887 1077 2089 
2089 1077 1736 
1736 2202 1257 
303 285 152 
369 70 87 
1024 1333 369 
428 861 2593 
690 2212 708 
690 708 1219 
724 2215 144 
144 2215 936 
2215 724 2529 
2179 2216 645 
2216 1154 645 
1079 1078 1938 
1938 1078 1528 
2329 112 84 
2329 84 759 
2675 759 84 
2187 1155 2218 
974 2178 1091 
2178 611 1091 
908 909 2241 
909 977 2241 
1502 2241 1481 
2214 2218 493 
605 493 2218 
2604 151 1339 
1339 151 2130 
1270 722 2212 
651 2221 2203 
2222 276 524 
774 23 1075 
854 1081 2223 
1081 1073 2223 
1424 2224 1780 
2225 19 410 
2224 2225 410 
1630 2492 1920 
1550 1633 1920 
21 245 2240 
1467 2240 1151 
2214 493 846 
2577 433 727 
1224 416 2525 
2225 728 2443 
702 520 897 
2219 1085 600 
722 793 238 
2225 1009 19 
486 341 48 
891 2117 526 
787 126 62 
126 365 62 
1548 2515 2538 
846 188 2214 
701 2187 2214 
701 188 1944 
2108 1944 82 
2607 2627 650 
2227 51 2155 
1504 359 1296 
1296 1087 2228 
106 1867 1843 
1843 1867 603 
917 2229 933 
933 2229 252 
249 2604 487 
497 726 1022 
1658 2146 1657 
691 2233 2131 
1424 1285 2224 
1285 728 2224 
2140 1921 2090 
2140 2090 1392 
2464 2630 1435 
1435 2630 944 
1149 1828 656 
441 1089 1423 
1774 2016 1059 
2044 225 2450 
2044 2450 247 
2173 712 2234 
2234 712 663 
2109 2527 1291 
2269 2237 1845 
2044 247 662 
2208 82 1068 
537 1718 2238 
667 1090 2030 
1090 1790 2030 
1633 2068 1630 
2068 556 1842 
711 248 6 
1110 846 1996 
846 493 1996 
1350 1351 2636 
1853 1092 2179 
2216 2179 1092 
1151 2240 2180 
2153 1064 2101 
218 2101 2207 
1854 1092 1853 
1481 2241 1158 
1158 2241 255 
1607 1606 1112 
1607 1112 2279 
736 2195 258 
1759 2394 74 
1266 1803 228 
1827 730 2243 
2484 2243 2438 
151 249 1545 
2331 1545 249 
174 1313 1097 
1097 392 731 
731 2530 1051 
731 1051 2144 
2144 1051 2231 
412 2507 2232 
1094 2114 2232 
733 1111 2245 
2245 1111 232 
1084 1830 1371 
1155 2246 2247 
1856 1929 326 
91 734 75 
602 2248 2131 
2131 2248 2356 
1594 507 654 
1594 654 2249 
249 487 2331 
487 2483 2331 
2483 50 2331 
1258 1097 101 
731 2144 101 
101 2144 596 
2249 1884 547 
1456 2250 1764 
2251 661 99 
970 99 195 
1196 2081 563 
1641 1226 397 
1641 397 1881 
2197 1267 228 
368 350 1266 
577 2283 916 
916 2572 620 
970 2251 99 
1552 304 1380 
304 732 1095 
1380 1095 349 
2626 2220 1931 
1931 2220 90 
1945 847 1527 
675 2211 2255 
2255 1714 1287 
2255 1287 2079 
70 2186 87 
1689 2548 1152 
1610 2245 232 
2063 2629 943 
479 1189 1554 
1189 1066 2257 
1554 2257 2490 
2490 2257 251 
689 1100 1311 
1311 1100 2537 
2458 1041 1100 
61 1117 2175 
1117 444 2175 
611 1101 652 
652 1101 2141 
1614 2258 1371 
2258 2531 1084 
1953 2513 2498 
2289 2522 2259 
2259 508 1165 
2259 1165 2528 
2235 1786 435 
917 958 1103 
73 1676 489 
1676 2570 489 
1952 2206 2274 
1924 1625 1104 
1878 531 158 
531 2136 158 
2262 1254 736 
524 276 711 
1493 2020 1915 
1917 1008 1376 
1008 2585 1376 
537 2238 742 
2520 1105 33 
2501 252 2229 
723 2261 398 
715 1639 429 
715 429 362 
829 1106 1305 
749 448 9 
696 2607 652 
2262 213 1254 
110 2263 1103 
1103 2263 2229 
2436 739 1962 
2436 1962 1053 
1463 735 1058 
556 2176 735 
2176 2133 1058 
560 556 735 
863 187 1445 
300 297 103 
740 300 1450 
1450 300 349 
2068 1633 1462 
2133 1462 1937 
1367 2264 1829 
1028 206 1524 
2498 2265 1953 
2265 2345 1953 
2559 1494 2523 
2194 70 1679 
372 579 658 
658 579 2436 
1945 1951 2260 
2260 1492 27 
1959 741 2391 
2391 741 2285 
1734 741 2449 
2243 730 896 
2243 896 2282 
2523 1450 2559 
2559 1450 155 
769 1256 1108 
1066 318 2257 
318 1113 251 
2261 1113 2267 
2261 2267 398 
398 2267 2029 
2029 2267 616 
1114 1107 619 
255 2493 19 
924 989 1832 
2097 1526 842 
2269 1845 2268 
1845 1641 2581 
2268 394 1585 
1585 448 2269 
2269 448 743 
2108 82 2155 
1983 250 2209 
1826 2264 320 
2246 2671 2619 
2619 51 2227 
1109 1108 1256 
2182 1256 964 
2197 572 72 
1117 61 53 
2158 537 742 
276 721 711 
84 2270 2675 
2237 743 1099 
2237 1099 2355 
400 668 1826 
1826 1705 2264 
745 15 20 
699 2272 1892 
1892 2272 1437 
799 278 2323 
1154 799 1988 
1076 575 2491 
575 705 2491 
110 614 2263 
695 746 2645 
1416 163 662 
1416 662 555 
1416 555 1305 
1966 2199 2273 
982 2273 2012 
1713 2275 2276 
2276 2275 2350 
2196 1285 53 
76 1710 812 
745 1710 76 
1008 1277 2585 
1276 1277 468 
855 1276 468 
1626 1119 2610 
2465 2277 592 
1540 2278 243 
243 2278 1762 
2278 2343 1762 
745 1288 1710 
1775 749 631 
631 749 9 
1115 2552 1121 
1959 875 741 
951 598 2307 
414 2345 1116 
1811 1116 1614 
1614 1167 2258 
477 1615 1607 
269 1607 2279 
112 530 2280 
2260 27 449 
916 2283 2572 
2284 2496 1631 
2283 1631 2572 
1604 869 167 
816 1725 1007 
1007 1725 1006 
766 2549 715 
2549 538 715 
1942 2143 2205 
108 2026 237 
353 2287 2050 
1118 890 1504 
649 2065 1955 
158 2353 1341 
1341 2353 1109 
1506 1120 665 
665 1120 2099 
706 2099 1120 
2270 84 2280 
2287 1121 2586 
2677 2586 1972 
1972 2073 209 
744 629 961 
2259 2528 2289 
2355 324 2290 
1226 2290 47 
47 2290 809 
1764 2250 2291 
2250 1982 2291 
737 747 2329 
91 619 2540 
2540 2292 91 
91 2292 2306 
2371 1929 2292 
2292 1929 2306 
660 1764 1495 
1495 2291 1206 
934 616 2288 
1004 1793 2092 
433 594 561 
561 594 65 
337 2346 2082 
1502 1481 1779 
1779 1481 2613 
2158 742 756 
325 1829 1705 
2276 2663 2612 
1123 2294 2293 
2294 1128 2293 
2120 2663 2167 
220 1879 614 
2596 614 505 
614 110 505 
482 2082 1751 
2082 2346 1751 
2137 2295 1487 
459 1124 1570 
1570 1124 2174 
2174 1124 621 
621 298 1349 
1906 1349 382 
2286 2296 1125 
425 1125 2296 
2286 1125 1209 
1209 1083 650 
2103 2528 1165 
1165 508 2354 
2220 1126 244 
2266 2107 2368 
1498 2092 111 
275 111 566 
575 2036 2091 
1012 67 2242 
1668 2298 102 
120 2298 2095 
2296 2286 2208 
2208 2286 82 
774 2299 2294 
2294 2299 1128 
1128 2076 2293 
586 2239 1041 
2239 1067 1041 
1735 1056 2300 
504 2300 2301 
2301 2300 2107 
2302 1123 2293 
2302 2293 2076 
222 218 2550 
2362 222 2550 
218 1059 2550 
251 1113 2261 
251 2261 723 
685 726 1775 
734 2443 728 
75 734 2196 
734 728 2196 
1362 255 977 
741 875 2449 
210 1128 1204 
854 725 1081 
854 2223 2127 
519 1089 1163 
1129 1208 1913 
1852 2042 2166 
2166 2042 124 
2190 1852 2166 
2190 2166 134 
2295 1312 877 
2305 2589 2638 
91 2306 734 
1856 734 2306 
244 1566 1386 
1386 1387 618 
2177 719 1415 
719 1844 1415 
1415 1994 555 
2295 877 1487 
749 743 448 
2269 743 2237 
1156 599 401 
401 923 1603 
606 2615 2308 
2307 2308 1437 
2071 118 785 
1123 2302 2386 
2131 2356 2453 
2297 1464 2309 
2309 1464 2327 
1099 743 1131 
1131 726 497 
545 1353 1694 
1353 1430 1694 
955 2310 989 
989 2310 935 
935 2310 1139 
2310 1770 2191 
1139 2191 1149 
723 2490 251 
2169 1132 2022 
2059 2022 670 
2092 1662 361 
799 1154 2128 
1154 2216 2128 
1264 2311 233 
2312 541 1546 
1134 308 2321 
2313 752 2314 
644 472 2315 
472 1046 2315 
2169 453 1138 
2295 1420 1321 
1312 1321 902 
2265 100 767 
2318 1849 2317 
1889 1139 2105 
1889 2105 1065 
678 725 1133 
1133 854 301 
1133 301 2311 
2314 510 2313 
2318 1637 270 
230 1683 1677 
2330 802 2319 
802 364 2319 
750 2130 1086 
1072 2315 1969 
2252 2319 754 
1134 159 387 
409 646 1135 
646 2508 1135 
365 1135 583 
756 1580 1318 
2037 2526 2005 
2526 1039 2005 
757 1728 146 
751 405 618 
603 1140 1843 
1136 751 1387 
2320 1137 138 
1137 573 138 
350 1132 1138 
350 1138 485 
737 2558 2321 
268 2371 2292 
2105 1139 1149 
1438 751 2149 
1136 1140 2149 
1140 603 1866 
322 2489 231 
2489 972 231 
1702 1141 2322 
1141 1660 1755 
2322 1755 1707 
1982 2250 1146 
2250 1456 2012 
1982 1146 197 
2324 341 2661 
1475 2500 804 
804 2284 1245 
1410 2404 445 
142 1451 1821 
1548 2538 2325 
2325 764 587 
15 745 2326 
745 76 2326 
2308 997 321 
529 321 2551 
1044 11 2089 
2089 11 757 
515 1835 287 
1517 1801 914 
417 1801 1782 
2108 2671 2187 
2187 2671 1155 
644 2315 2242 
2315 1012 2242 
1343 1342 373 
373 1342 1680 
1991 1115 253 
1448 770 59 
1038 1853 2134 
2134 253 1115 
236 2620 1691 
2313 2480 2327 
737 2321 747 
348 1322 2328 
737 2329 759 
1577 2154 596 
692 1577 2524 
2524 1820 117 
2199 1144 2273 
2273 1146 2012 
2331 2337 1545 
377 1484 663 
197 1146 1144 
1144 2199 762 
2385 1145 2253 
2253 1978 574 
2333 2416 1946 
1146 2250 2012 
2272 2307 1437 
1858 2599 1441 
2226 416 2183 
2226 2183 884 
1152 2236 2135 
174 1900 2334 
2252 1147 2319 
756 760 1148 
1765 2605 2444 
2314 271 510 
777 1999 1418 
656 2335 1149 
1149 2335 2105 
236 1143 1062 
1628 1118 358 
1118 2124 358 
2336 553 815 
2336 815 358 
324 484 2067 
106 1858 1867 
1867 1858 1441 
405 751 1438 
751 1136 2149 
1438 2149 30 
30 2149 2531 
2312 2337 2561 
2337 2312 1546 
1981 2338 761 
1464 2297 1668 
2157 1516 1150 
1150 2266 2368 
2376 2375 1228 
2375 293 1309 
1228 1309 495 
466 2339 2135 
2135 2339 1152 
1065 2397 1159 
1151 871 348 
69 1562 142 
142 1562 1451 
1152 1869 1689 
2199 2282 762 
348 2328 208 
2328 180 1667 
2340 2356 2248 
2340 2248 2553 
2340 2553 424 
1042 2527 2204 
2664 2162 1640 
2244 2664 1640 
1512 2303 1011 
1551 506 1160 
2173 2234 2440 
2143 1153 710 
1153 121 1842 
761 2338 645 
2338 1990 645 
2247 2246 2343 
2244 748 2353 
1108 1109 748 
1109 2353 748 
1422 599 2344 
2345 767 1116 
766 57 648 
405 1438 123 
2027 1542 2602 
1478 2602 1763 
1990 1157 1991 
1991 1157 2347 
768 2348 509 
509 2348 2112 
254 1177 2344 
1122 1158 1009 
1009 1158 19 
19 1158 255 
1175 1869 2339 
2325 2349 764 
1161 765 26 
2058 256 1001 
139 1783 950 
2350 2167 2276 
644 607 472 
2527 1651 1291 
1291 1651 1261 
230 135 1161 
135 2548 1161 
1161 2548 765 
1740 1175 901 
1444 2351 1408 
1408 2351 518 
2351 256 518 
510 271 754 
2621 2601 1823 
1573 226 2352 
1160 1651 2341 
2341 1651 868 
256 2351 1767 
2351 1444 1767 
2341 1551 1160 
158 2664 2353 
337 2404 2346 
2404 519 1163 
512 404 1381 
404 764 2349 
78 2305 709 
2305 786 1602 
2350 11 2167 
883 58 1164 
1166 2614 2052 
2103 2052 2104 
1166 1165 2354 
1167 1116 2554 
1116 1811 414 
57 766 2304 
2304 766 362 
2304 362 2659 
57 2304 2660 
913 2304 1130 
673 40 186 
239 186 477 
971 1917 1508 
1168 197 1144 
1168 1144 762 
768 2354 2348 
2348 2354 508 
704 2185 2157 
1772 2355 2290 
1999 777 2356 
230 1677 135 
1999 2356 2340 
1305 2357 829 
2357 129 829 
770 430 1427 
257 1208 2384 
2384 1208 1345 
1271 1169 1170 
1271 1170 363 
22 655 1374 
22 1374 497 
2429 2472 461 
1422 1177 166 
186 927 2358 
2358 927 232 
1866 1621 1396 
1866 1396 520 
1137 1188 2575 
1188 2550 683 
1140 1866 702 
1866 520 702 
2359 769 1055 
1626 2360 1955 
1955 2360 2017 
1626 592 2360 
592 2361 2360 
2361 2171 2360 
2499 1283 2590 
1618 2590 1653 
685 714 242 
965 86 1970 
1431 86 1358 
929 1421 2015 
1188 2320 2362 
2362 2320 1162 
1560 95 876 
876 1171 2217 
258 2195 1172 
678 1133 2363 
1133 2311 2363 
517 1752 1173 
1752 678 2363 
1173 2363 1264 
333 1173 1568 
1568 1264 910 
786 2322 1707 
1775 714 685 
749 1775 726 
1646 2230 2228 
2230 418 2228 
2344 1177 1422 
1169 772 3 
1470 3 772 
2352 895 1574 
1574 895 214 
1401 2364 1719 
1719 2364 2238 
2364 742 2238 
1098 1470 521 
2611 513 1505 
513 599 1422 
2277 2361 592 
1590 2424 1112 
1112 2424 2279 
2279 2006 1440 
2365 2444 2605 
2365 1217 1191 
637 2171 2366 
2373 259 2093 
360 1849 2318 
1638 752 1464 
1464 752 2327 
994 2367 1737 
1879 2558 2501 
777 1418 335 
2368 213 2157 
1516 2157 2185 
827 773 632 
2555 2382 539 
259 2373 1174 
1174 2373 117 
521 2370 1011 
1011 2370 763 
278 1231 2323 
1231 223 2323 
759 776 2502 
752 538 2314 
538 1663 2314 
521 1470 772 
1929 2371 2122 
2122 2371 12 
347 12 2371 
326 1929 2122 
1218 2122 1493 
176 431 374 
759 2502 737 
154 1237 1449 
2078 2075 1104 
1515 2372 942 
2558 2502 2501 
1176 1465 2181 
2373 2093 2637 
213 2262 996 
716 2262 258 
189 1178 1180 
1178 2221 1180 
2221 1989 1180 
1989 591 1180 
189 1180 1914 
433 775 1013 
433 2577 775 
2374 2382 2377 
2374 2377 181 
779 781 1789 
408 1179 2316 
2316 123 2554 
2210 778 157 
778 2210 588 
778 588 2098 
775 2577 753 
753 1816 771 
1483 738 1201 
2375 289 293 
748 2376 1108 
96 2376 1228 
771 570 1781 
771 1781 753 
1730 570 495 
1086 1483 1201 
748 2244 2376 
2422 2555 2445 
2516 1013 292 
1013 775 292 
778 2098 2378 
2378 2098 260 
1914 1180 591 
23 774 2503 
1239 23 2503 
755 1142 1810 
1142 297 1810 
1545 2337 1546 
1882 1181 632 
2124 2113 2336 
738 1483 1848 
2147 49 1976 
289 2375 2244 
1546 2379 1483 
516 1708 2380 
2380 491 1543 
105 1818 506 
1155 2247 2342 
360 2318 604 
1649 776 2675 
1947 2386 1184 
1123 2386 1947 
2378 260 543 
2378 543 2184 
820 1877 1744 
1537 2545 758 
2367 2381 1205 
779 159 1260 
306 2247 2343 
742 760 756 
1186 780 1185 
2382 2374 1914 
2382 1914 591 
1606 1187 1112 
1112 1187 1590 
1538 1537 109 
109 1537 2387 
1897 157 778 
389 1949 2383 
2383 546 1585 
758 2387 1537 
2385 758 1145 
2377 2382 2555 
2545 1537 1523 
394 389 2383 
394 2383 1585 
372 2277 1190 
579 1190 947 
1190 294 1627 
947 1627 1660 
2384 783 784 
2385 2253 115 
2253 574 1841 
115 1841 986 
2386 785 1317 
778 2378 1897 
330 796 1553 
1556 2387 2385 
1556 2385 115 
2359 781 2388 
781 779 2388 
898 2388 1260 
688 553 2336 
2113 688 2336 
1512 763 2400 
2365 1191 1973 
1973 1191 1975 
1191 894 1975 
921 1881 1732 
2418 1793 2564 
1195 1004 604 
1196 2335 656 
769 2388 898 
1406 1658 666 
666 481 2031 
2031 481 1754 
1192 717 892 
2095 1193 120 
2390 1873 2391 
1193 2095 1194 
1530 1194 2476 
2476 1194 1799 
1194 842 1799 
1224 2533 416 
2389 2390 783 
1484 2389 1686 
2389 783 1686 
2392 58 1434 
1434 211 2392 
553 2505 1702 
1197 1501 2367 
2367 1501 1737 
1197 1198 1653 
1653 1198 886 
2186 1192 2061 
1963 2464 2392 
2464 58 2392 
787 2525 729 
268 2540 287 
1998 956 2503 
1998 2503 774 
1123 1998 2294 
515 1963 1835 
1835 2392 211 
270 6 2393 
1817 2577 727 
1298 1692 1918 
1199 2600 2062 
1918 1199 1581 
784 2390 2391 
784 2391 2285 
2318 270 604 
1195 604 270 
565 517 1713 
1185 780 1791 
787 792 1224 
2070 1308 2395 
1200 2297 2309 
255 1362 2493 
1362 2657 2493 
738 788 1201 
780 788 738 
1201 788 750 
1142 750 499 
788 780 2161 
499 2161 103 
1461 2396 18 
18 2396 24 
2396 1187 1319 
2105 2335 2397 
2335 261 2397 
2638 850 786 
1702 2322 850 
2322 786 850 
741 1734 2285 
2285 2651 1348 
2285 1348 784 
2612 1713 2276 
609 2162 2136 
609 2136 1731 
407 2459 1885 
2664 2244 2353 
2446 1885 881 
1817 727 586 
1817 586 781 
394 313 2111 
2111 313 314 
389 1202 52 
780 738 1791 
1471 1678 306 
1678 1182 306 
306 1182 2247 
1590 1187 2396 
2039 2638 1717 
1880 2230 1646 
622 1335 874 
1882 2446 2123 
1882 2123 2093 
1660 1203 947 
947 1203 1409 
1141 1702 2505 
261 1196 563 
261 563 1939 
1020 1939 684 
1362 793 2399 
1512 2400 837 
455 2401 2333 
210 1204 2442 
531 1731 2136 
1896 2233 1880 
1880 2233 2230 
691 2230 2233 
1959 1874 451 
1874 2403 451 
2233 1896 602 
1204 1532 2442 
2311 628 233 
628 2031 233 
562 875 451 
199 562 1743 
1743 451 2403 
1743 2403 1742 
2274 2206 2399 
1197 2367 1205 
2367 994 2381 
460 1877 2398 
2398 820 929 
2504 1976 2506 
2410 2506 2456 
1011 2303 943 
943 2303 2063 
172 2063 2083 
2083 2303 836 
2329 264 112 
1084 1371 2258 
544 2301 2107 
636 2301 1965 
2301 544 1965 
2640 455 2633 
2275 1987 1954 
1729 1295 1896 
2115 1205 2381 
2115 914 1802 
474 2405 1510 
1510 2405 2402 
616 63 474 
1227 1375 1792 
2416 2333 2401 
2333 1681 1680 
2368 2107 1254 
1254 2300 736 
1217 847 1675 
460 1571 384 
107 384 922 
1495 1206 476 
1410 580 2404 
264 2329 747 
2258 1167 30 
1207 636 284 
1612 491 2380 
1612 2380 356 
538 2549 1663 
2549 648 127 
1663 127 1306 
2402 2405 2193 
2421 2100 940 
1666 713 852 
1443 2421 940 
402 2405 63 
63 2405 474 
674 402 1771 
994 2606 2428 
791 1683 2106 
375 1488 1522 
1804 1522 567 
427 2408 2406 
1503 2556 2497 
1177 427 2406 
677 1669 1667 
1667 1669 789 
789 539 1216 
133 795 792 
591 2369 2382 
1085 1715 2100 
1715 1964 940 
2606 5 2428 
2372 2078 157 
793 2407 2399 
2407 746 2274 
471 1721 1993 
790 2408 1210 
1210 2408 1052 
2222 2409 276 
2409 1157 1981 
1157 2409 2347 
2409 2222 1230 
2394 2347 74 
1005 1936 344 
1798 615 1214 
1306 127 1215 
2075 2078 2372 
2054 2372 1515 
1350 2636 2352 
1350 2352 226 
895 2352 2636 
2277 372 2361 
2361 2366 2171 
1308 1007 2395 
2346 1163 2102 
1751 2102 2251 
2456 1296 2410 
2410 418 465 
402 2193 2405 
661 2411 2412 
2412 2411 2413 
2412 2413 435 
2420 296 2400 
2420 2400 763 
1255 763 2370 
691 418 2230 
44 2406 2408 
2254 2413 2411 
2254 2411 441 
1218 590 1779 
1779 590 912 
1786 128 584 
128 919 584 
368 1329 670 
1329 791 670 
5 2606 2526 
1213 1350 226 
1080 1216 2369 
2369 1216 539 
789 1216 1666 
1216 713 1666 
1049 226 1573 
52 1949 389 
691 2453 2565 
2228 418 2410 
1217 1527 847 
2605 1527 1217 
2010 2271 2281 
1215 2418 1306 
1220 1214 646 
646 1214 615 
0 2415 1915 
2401 2640 2447 
2447 2640 1028 
1549 2007 976 
882 1549 164 
1549 976 164 
713 1216 1080 
2420 1910 296 
837 2400 808 
808 296 1273 
1218 2415 590 
2415 0 590 
1493 2415 1218 
456 1901 1178 
2567 1219 1211 
1211 708 238 
1448 1946 2416 
2416 2447 770 
2416 770 1448 
139 903 1783 
1817 2359 1816 
689 52 1100 
791 2059 670 
427 1052 2408 
880 1910 2420 
1220 646 926 
2551 1220 926 
1214 1220 2281 
2271 2010 1648 
1474 1366 35 
1001 2419 1509 
1499 2560 1777 
181 2422 1428 
2602 1542 1482 
881 1535 862 
1547 1544 1061 
2497 44 1534 
1391 2507 1811 
1399 2424 1590 
2479 2444 1902 
2425 1478 1806 
202 1300 1334 
2426 1370 1513 
2469 532 1858 
800 1514 1784 
1295 2428 5 
954 1379 1754 
956 1278 1340 
526 1986 1231 
2429 1693 32 
2430 1919 942 
1952 2511 2513 
2487 959 1613 
315 828 963 
677 2445 1669 
205 2433 2087 
2434 1844 2125 
2665 819 177 
2435 1240 634 
2141 1101 1343 
2436 870 658 
2438 2199 1966 
70 369 1333 
171 536 1082 
2237 2355 1772 
1111 2441 232 
1907 1862 1903 
2438 2243 2282 
1693 1250 1741 
1856 2443 734 
1142 2130 750 
1343 354 2141 
1976 49 782 
773 2446 1882 
1212 1350 1213 
2401 2447 2416 
2221 1178 1901 
2448 275 800 
856 98 857 
1891 405 1179 
2503 956 1476 
323 912 25 
1769 323 25 
169 2473 1417 
961 602 2462 
2449 2432 2188 
2450 428 2177 
2448 1078 1079 
2429 545 1694 
583 2508 1381 
2203 2221 1901 
1346 447 975 
1229 449 27 
68 2452 1470 
4 2417 43 
2441 1111 1023 
2016 2455 1576 
2456 1504 1296 
1420 2451 1321 
2334 1564 1252 
2457 376 1344 
1622 807 1358 
1127 2458 1262 
1202 1262 2458 
2459 1366 2679 
42 1474 35 
2459 1886 1366 
2460 347 211 
141 1461 1838 
2421 1443 1403 
0 1499 1777 
1028 430 2447 
1529 262 1207 
123 1438 30 
2463 271 1306 
153 152 434 
1698 153 434 
1374 1457 215 
2412 435 2008 
1723 294 1404 
2063 172 351 
2466 990 133 
2466 307 443 
1962 1409 49 
2556 1503 1505 
1894 2466 133 
918 378 154 
1182 189 370 
140 844 2467 
1335 1547 1061 
2564 2463 2418 
2463 2564 1837 
501 1212 1213 
2468 1582 866 
2158 1787 537 
853 2423 1878 
412 1282 414 
414 1282 2345 
1274 35 2511 
1274 2511 2486 
1631 841 2572 
1126 2469 1566 
187 863 214 
2470 2055 1893 
1654 874 1335 
367 2165 1665 
2471 1668 102 
55 1670 843 
1689 1965 544 
420 2473 2553 
284 1740 1352 
729 442 409 
2461 1391 1811 
847 2474 485 
2475 709 888 
2476 889 899 
899 1530 2476 
2419 147 1509 
981 2477 436 
1250 2478 1741 
1613 1543 1958 
1679 527 2194 
140 2467 1024 
2467 960 1864 
2465 2609 1404 
1794 2480 1324 
2476 568 889 
1763 2602 1482 
437 1425 817 
279 437 572 
2481 1030 2138 
2425 1466 1478 
1294 1936 1005 
1814 919 1454 
352 2482 494 
957 2427 1823 
1354 1831 1570 
680 311 2483 
754 2463 2252 
2054 18 2075 
2506 2124 2456 
2469 106 1566 
1956 800 1784 
2454 1598 252 
2462 1295 2603 
2553 2473 424 
275 2448 1497 
2341 1913 257 
143 357 479 
1470 2452 3 
481 954 1754 
2483 311 1316 
1249 2472 32 
1693 2429 1694 
2560 2536 192 
2486 2511 1952 
2226 1458 729 
1528 903 311 
1332 31 1847 
1948 959 937 
2487 937 959 
937 2487 167 
2487 1613 885 
2479 2568 2488 
2431 939 2630 
1249 960 1244 
1967 1684 122 
1970 1431 2514 
411 315 963 
526 1231 891 
2432 2680 968 
2490 723 309 
440 2412 2008 
1974 540 937 
2358 2441 1265 
1785 2090 219 
2489 1057 982 
2473 169 1727 
344 1756 1005 
13 2 1170 
13 1170 246 
991 471 1328 
525 2477 981 
2477 2021 436 
1515 2492 1297 
725 678 1032 
1528 311 1795 
2433 178 1864 
2433 1864 960 
2541 1460 1364 
2494 821 2069 
1014 1315 1433 
803 2582 449 
664 2087 960 
1249 664 960 
2094 240 85 
1941 173 638 
2434 823 1844 
1487 613 2137 
2504 1758 2147 
2500 1475 2129 
2495 486 2457 
187 2583 130 
1343 1101 463 
2470 2056 2055 
1241 911 2169 
2022 1241 2169 
2032 187 214 
2481 1909 1030 
623 2475 888 
61 2175 2475 
925 1503 2497 
2497 1836 925 
2436 1053 870 
2437 118 1042 
52 1202 2458 
2219 2126 1379 
2219 1379 92 
2464 1888 58 
2223 1073 657 
2483 487 1268 
1845 2237 1772 
2153 2101 222 
2496 1092 1854 
2484 2438 2145 
2498 35 1886 
1915 2020 13 
1679 70 1333 
1524 206 992 
1108 1055 769 
799 2323 1988 
2350 2275 1507 
2199 2438 2282 
715 538 1639 
1209 1125 1083 
2449 875 694 
1694 1430 1250 
2284 2500 2496 
854 839 301 
2500 2284 804 
1991 2394 2552 
720 10 2634 
1147 720 2330 
1562 848 1451 
1551 2341 257 
1374 215 497 
461 2472 1449 
2501 2454 252 
2365 2605 1217 
737 2502 2558 
2502 2454 2501 
2454 2502 776 
2113 1976 782 
1976 2504 2147 
769 898 1256 
2505 553 688 
2161 780 1186 
602 1896 2462 
465 2506 2410 
2506 465 2504 
2556 44 2497 
2406 2556 166 
795 1224 792 
2401 455 2640 
2633 466 2640 
2613 1218 1779 
880 2420 1255 
2515 307 1894 
2522 2289 647 
171 2533 795 
2534 274 291 
461 1562 545 
2510 1624 686 
62 2515 1894 
1248 1045 1760 
619 907 1114 
2508 646 615 
1025 595 574 
2536 457 1950 
1365 2510 1035 
1035 2510 686 
2532 2578 966 
1943 797 1082 
1093 2165 1234 
2507 1094 2232 
2513 2511 2498 
2511 35 2498 
2260 449 235 
2260 235 1945 
318 251 2257 
1596 1277 1008 
229 1596 1008 
594 1593 65 
767 100 2316 
1245 2284 2283 
2524 1577 1820 
1010 1236 2317 
1512 1011 763 
1449 1237 2512 
1449 2512 461 
1837 1195 2393 
1952 2513 1016 
536 171 795 
561 2239 727 
461 2512 848 
1282 1953 2345 
1414 1685 1413 
572 437 72 
2452 457 3 
1016 2513 1953 
2467 844 1244 
433 561 727 
1093 1234 36 
1083 1125 1697 
1452 1248 2514 
2516 502 122 
2517 1700 2650 
2518 2183 607 
1018 83 185 
1319 2520 1924 
1279 332 924 
2583 2033 1596 
1025 221 638 
566 1215 679 
1119 1626 1955 
581 2496 2500 
385 2559 155 
2524 2637 692 
1224 2525 787 
2527 1042 868 
2112 1748 1240 
1102 2528 1017 
2529 1060 2215 
171 1082 1624 
392 2530 731 
1131 743 749 
2531 1140 702 
674 1225 356 
1227 796 266 
1060 266 796 
2296 2208 1872 
1253 1372 393 
1397 1656 2569 
421 1416 1106 
59 1425 843 
66 2534 518 
820 1744 8 
2514 1431 434 
1465 988 1520 
2560 1499 2536 
1849 707 1010 
707 280 1010 
640 838 345 
2537 2576 1831 
1465 1520 1307 
2349 2538 583 
2539 175 76 
2397 261 1020 
171 1624 2510 
1578 2567 1769 
73 1473 992 
73 992 1676 
2516 1559 502 
1314 2517 879 
2517 1221 386 
1221 2517 2650 
1592 1445 130 
229 1592 130 
1439 2540 619 
1714 2211 1395 
65 1067 561 
1379 2541 1754 
1222 2296 1872 
2529 1786 584 
2529 584 2566 
2418 1215 2563 
149 1492 1661 
1247 263 1338 
1859 830 1742 
1589 1269 316 
2543 419 225 
1923 2591 2002 
1606 1319 1187 
2521 632 1275 
1712 1714 1395 
2403 1859 1742 
528 1988 10 
361 360 604 
130 2583 1596 
2452 1420 2038 
2509 36 572 
2061 2546 150 
2546 640 150 
674 356 1708 
1200 2097 2298 
2575 573 1137 
1213 1033 501 
1365 2533 2510 
1303 1414 1926 
1259 1033 1223 
1850 1259 1252 
1036 594 1013 
2096 423 2046 
1318 2158 756 
2079 1287 1063 
581 2500 2129 
1825 1619 328 
2079 1063 2055 
2175 78 709 
585 2189 2625 
2544 1129 1913 
2532 690 1219 
1219 2578 2532 
2519 1083 185 
2525 416 2226 
2538 2515 365 
1229 1093 803 
1093 1229 1665 
803 1093 36 
2547 1747 2212 
2522 626 2259 
2186 70 2194 
2108 2155 51 
2509 572 2197 
1110 1995 2604 
1339 1110 2604 
1008 1917 229 
1121 2552 2073 
112 2280 84 
2065 1119 1955 
1793 2418 2563 
67 46 2242 
2286 2155 82 
726 1131 749 
2302 785 2386 
2321 308 747 
2538 2349 2325 
2551 321 997 
2545 983 758 
2542 2653 503 
1685 2557 870 
765 2548 1689 
648 2549 766 
2554 1116 767 
2554 767 2316 
2524 2373 2637 
2554 123 1167 
2186 2194 1192 
2525 2226 729 
727 2239 586 
394 2111 389 
2111 314 317 
2556 2406 44 
637 2366 2557 
2557 2366 658 
566 2563 1215 
173 1025 638 
2252 2463 1837 
2484 1589 316 
1950 192 2536 
1970 2514 2649 
309 723 647 
1004 361 604 
1991 2552 1115 
2377 2555 2422 
1738 860 2606 
647 2289 1857 
274 77 291 
2598 966 2662 
1577 596 1820 
1236 2222 2317 
1685 870 1413 
2393 1195 270 
129 1463 1419 
220 2558 1879 
2559 386 1494 
25 2560 1587 
1745 161 1688 
2579 647 723 
1031 1147 2252 
2565 1758 465 
1066 38 867 
2240 245 149 
1209 2227 2155 
2271 2270 2281 
1793 2563 2092 
2641 627 1927 
2564 1004 1195 
691 2565 418 
127 648 679 
1541 1241 1029 
266 2566 312 
1591 327 1279 
1363 2598 1480 
971 1020 669 
829 129 1419 
68 1470 1098 
1565 1851 1850 
834 2568 1236 
21 1665 1229 
2569 1531 1398 
1531 2569 2609 
2570 1329 489 
2451 68 2256 
2653 2542 1643 
2573 492 1575 
1066 867 318 
2036 2573 67 
67 2573 46 
2589 78 1021 
554 274 66 
694 1745 1688 
535 2574 564 
1771 98 674 
554 2575 1724 
1593 2576 65 
1816 2577 1817 
2578 642 966 
489 1267 72 
1176 2618 1465 
2567 1578 2578 
642 2578 1578 
1928 336 976 
2579 2522 647 
1932 1526 1200 
2281 2562 1214 
2562 2280 530 
503 1560 511 
503 511 2542 
650 2519 2607 
2571 692 851 
394 2581 313 
1591 2608 136 
2255 2079 1935 
574 1978 1025 
2582 2509 1803 
584 312 2566 
2669 2598 2662 
1210 580 1318 
2546 2580 640 
215 1131 497 
2584 2061 872 
87 2584 108 
675 2255 1935 
1099 215 1883 
108 2584 872 
2180 2240 149 
2286 1209 2155 
201 1099 1883 
2570 791 1329 
401 2585 1156 
2585 401 1376 
2585 1277 1156 
2586 1121 2073 
2071 2302 2076 
28 2588 2641 
2588 28 1468 
1468 1469 2047 
543 260 1685 
707 1176 1 
2564 1793 1004 
2402 2193 2595 
2398 929 2417 
264 794 2592 
794 264 747 
418 2565 465 
449 1229 803 
1757 2565 2453 
1431 1698 434 
235 449 2582 
2393 1031 1837 
879 386 2559 
1414 543 1685 
2509 2582 803 
2589 2305 78 
1709 1717 2589 
2529 2566 1060 
365 583 2538 
316 1827 2484 
2071 2076 41 
1202 2111 317 
1757 2453 777 
627 2587 1119 
647 1857 309 
1286 1283 2676 
1054 2539 1609 
2621 2427 90 
2505 688 782 
2599 1858 2156 
1168 2639 1609 
2499 2590 1618 
1203 2505 782 
341 2324 2440 
327 2597 332 
94 850 2039 
2592 54 264 
2597 327 999 
610 2059 2668 
2595 1708 516 
220 2596 1134 
2333 1680 455 
606 403 2615 
1910 1750 1273 
2499 332 2597 
2041 1464 1668 
831 2535 2132 
533 1367 857 
1480 1622 2163 
2598 1363 2532 
1441 2599 417 
634 1240 1748 
179 565 2612 
1716 1073 585 
914 417 2599 
2599 1802 914 
899 1808 932 
920 1601 1946 
2601 618 1891 
326 1122 1856 
920 1946 630 
2602 31 2027 
2444 2479 2488 
2593 2019 1411 
2123 881 1634 
2462 2603 961 
693 2666 2471 
152 285 1452 
169 1417 1106 
974 1091 83 
528 721 761 
1435 2574 1888 
2604 1995 487 
2232 2114 1088 
169 1106 829 
2355 1099 201 
744 961 2037 
533 857 934 
1484 1542 663 
762 2594 2639 
2601 16 1823 
16 2601 1891 
773 1882 632 
553 1702 94 
2663 1604 2612 
1816 2359 1055 
2063 2303 2083 
1708 2193 402 
819 2435 177 
2470 1805 1608 
960 2467 1244 
2603 2037 961 
2606 860 2526 
1397 2569 1398 
594 1036 2600 
434 152 1452 
1435 1888 2464 
771 1816 1055 
1708 402 674 
634 1748 821 
1716 585 272 
2592 314 921 
413 1825 2622 
1091 2607 2519 
2608 1591 1279 
2607 1091 652 
2587 627 2641 
2595 2193 1708 
1176 2181 1 
2592 794 314 
2627 2607 696 
2156 1858 532 
2627 696 1762 
1404 2609 2569 
513 2611 1378 
1759 74 1902 
250 638 2628 
2624 886 1198 
888 709 1602 
1096 2184 543 
2613 2122 1218 
1605 407 1885 
2115 1802 1205 
830 1389 2614 
2614 104 830 
1414 1096 543 
819 2665 2635 
1096 2616 2184 
1531 1485 1398 
168 179 1555 
571 2617 1369 
1662 2618 361 
1691 2620 1773 
60 1695 190 
412 2232 1652 
2600 1199 116 
730 535 564 
1386 2621 244 
2622 1401 552 
1932 1794 1860 
2617 1940 533 
2617 533 2288 
1601 1681 1946 
2618 360 361 
152 425 303 
2624 1802 2599 
190 1695 2178 
1198 1802 2624 
1802 1198 1205 
1054 175 2539 
2623 2631 1635 
2628 638 221 
2627 2227 650 
1397 888 1602 
2630 1611 944 
14 2256 2629 
2627 2619 2227 
2290 324 809 
2626 2200 2220 
248 528 10 
236 1062 2324 
768 653 104 
1882 2093 1181 
356 2380 1708 
2347 1230 74 
2629 2063 14 
10 1988 2323 
2618 1662 1465 
2587 2588 2047 
1119 2587 2610 
2621 90 244 
2591 1773 2620 
2620 2661 2591 
2623 1727 169 
2620 236 2661 
768 104 2354 
2623 169 1419 
2431 2630 1963 
1797 1392 2090 
1636 2631 2623 
334 1893 356 
2632 153 1698 
2633 455 431 
2330 2634 1664 
1248 2646 1045 
569 1860 1794 
2644 408 1605 
1225 334 356 
2542 1696 1359 
1931 989 924 
2085 951 2272 
1785 1797 2090 
162 2637 2093 
819 2635 509 
1805 2085 475 
2636 1351 949 
762 2639 1168 
2630 939 1611 
2494 2069 2150 
720 2634 2330 
1717 2638 2589 
1888 535 1164 
2639 1054 1609 
2626 1931 924 
2639 2594 1054 
1604 179 2612 
594 2600 1593 
2587 2641 2588 
80 1635 2631 
248 10 720 
2085 699 475 
2634 10 2323 
2645 2407 1270 
2656 2628 469 
1452 2646 1248 
1977 2647 1749 
1179 2644 1891 
2658 2642 1652 
2649 1490 1491 
1760 2649 1248 
1635 2643 1235 
2007 2647 1977 
2647 1748 1749 
1016 331 2642 
1934 1921 2140 
1934 2140 1870 
2645 746 2407 
1993 1934 1531 
2648 1284 1797 
784 1348 2384 
2653 2332 503 
2649 2514 1248 
2568 74 1230 
2561 2337 50 
2656 469 393 
2568 1230 1236 
1932 1860 1526 
139 2561 50 
951 2307 2272 
1993 1531 471 
2574 535 1888 
1280 2652 993 
2650 1002 2646 
1734 2651 2285 
877 2653 1487 
345 838 1860 
1487 2653 1644 
345 1860 1233 
2654 2051 598 
2051 2654 325 
1280 2654 951 
2655 1164 1865 
2650 1700 1002 
1242 1921 1993 
2209 2656 2235 
2656 2209 2628 
2656 1455 2235 
783 2390 784 
1721 1242 1993 
410 2493 2658 
2653 1643 1644 
2312 2561 2070 
2312 2070 2395 
883 1164 2655 
1805 334 2652 
941 1242 833 
943 521 1011 
913 1130 1308 
2206 2657 2399 
2657 2206 2642 
219 1242 941 
2244 1640 379 
2657 1362 2399 
736 2300 1056 
2658 2493 2657 
68 1098 2256 
2324 2173 2440 
98 993 2652 
2628 2209 250 
2470 334 1805 
2659 1330 1130 
1735 351 172 
1784 57 2660 
819 509 1240 
819 1240 2435 
2659 480 1330 
1056 1735 172 
1783 2660 950 
2660 1783 1784 
60 2662 1696 
2136 2162 2664 
258 2262 736 
2136 2664 158 
2660 2304 913 
413 2622 552 
412 1652 331 
2629 2256 1098 
2167 2663 2276 
2661 236 2324 
469 2628 221 
943 2629 1098 
1903 1980 2673 
98 2652 1225 
1145 983 469 
1652 1088 1780 
2364 1401 2622 
2667 2047 833 
1145 469 1978 
2010 997 1648 
199 1746 1745 
199 1745 562 
2622 2670 2364 
14 2063 351 
1652 2642 331 
2658 1652 1780 
2669 1326 1480 
2598 2669 1480 
1980 1345 1208 
1980 1208 498 
1639 2666 429 
1721 2667 1242 
2535 2666 693 
833 1242 2667 
2667 1721 2610 
2666 2041 2471 
2671 51 2619 
2050 2287 2672 
1148 760 2674 
2281 1220 2010 
1836 2674 328 
2586 2672 2287 
83 1091 2519 
2669 190 1326 
1183 1980 1903 
2670 760 2364 
2673 1907 1903 
974 83 1018 
1825 2674 2670 
2270 2562 2281 
1242 219 1921 
1148 2674 1836 
2674 1825 328 
2675 2271 1649 
1897 2378 2184 
2677 286 641 
2675 2270 2271 
2485 1897 2184 
2499 2597 1283 
1304 1096 1303 
1304 1303 470 
2597 2676 1283 
2676 2597 999 
1286 2676 1533 
2610 2587 2667 
1304 160 1550 
1304 1550 2616 
991 1626 2610 
968 1582 1912 
1523 1912 1582 
1912 1523 1538 
1721 991 2610 
991 1328 592 
1626 991 592 
165 1674 1257 
286 1972 1000 
2586 2677 2672 
2672 2677 450 
1016 2642 2206 
1974 1382 1674 
1674 540 1974 
462 1674 165 
462 165 550 
540 462 2681 
206 1028 466 
2432 1912 105 
1605 1885 2446 
2432 105 2188 
466 2633 176 
466 176 2339 
1366 1535 2679 
881 2679 1535 
2680 2449 694 
1071 47 809 
2459 2679 1885 
2680 1688 968 
1688 2680 694 
206 466 2135 
629 744 420 
2553 629 420 
969 240 2094 
895 969 2094 
2681 462 2678 
629 2248 602 
969 2636 949 
969 949 1819 
961 629 602 
