39 38 219
221 198 196
222 200 197
195 199 223
231 37 36
50 49 233
232 22 21
235 7 6
20 19 236
35 34 237
231 198 221
232 200 222
223 199 233
193 195 223
221 196 194
34 33 230
34 230 237
196 198 230
237 230 198
19 18 229
19 229 236
197 200 229
236 229 200
228 8 7
235 228 7
228 199 195
199 228 235
243 240 206
246 27 26
43 42 248
248 247 43
190 226 252
253 227 188
190 252 255
207 253 256
257 256 213
213 249 257
258 252 206
260 258 206
206 240 260
261 242 213
261 253 188
262 242 208
191 259 264
12 11 265
265 254 12
266 251 202
202 254 266
268 243 206
208 267 269
269 262 208
270 259 212
212 238 270
272 244 208
208 242 272
276 255 209
278 240 205
280 268 206
10 9 281
282 253 207
282 274 227
227 253 282
213 242 284
17 16 285
211 250 289
186 243 290
218 262 290
291 221 194
194 276 291
294 250 211
213 284 297
297 249 213
201 241 298
194 196 299
224 292 299
299 196 224
209 258 300
207 245 301
214 277 303
207 256 304
304 245 207
309 249 214
310 9 8
8 228 310
212 259 311
311 285 212
312 250 192
192 296 312
18 17 313
313 229 18
314 195 193
317 219 38
317 231 221
10 281 318
190 255 320
320 292 190
321 16 15
209 271 322
322 276 209
323 284 218
218 268 323
324 0 20
21 0 324
325 1 35
36 1 325
6 2 326
326 2 50
285 16 321
285 321 212
228 195 314
316 197 229
228 314 310
313 316 229
291 219 317
291 317 221
317 38 37
231 317 37
313 17 285
281 9 310
241 201 267
241 267 239
278 203 260
240 278 260
251 298 241
261 188 272
261 272 242
262 218 284
262 284 242
268 218 290
268 290 243
272 188 275
245 304 246
319 227 274
248 203 278
249 309 257
300 203 279
250 312 289
266 211 289
266 289 251
258 209 255
252 258 255
261 213 256
253 261 256
265 211 266
265 266 254
276 194 320
276 320 255
257 304 256
260 203 300
260 300 258
270 204 264
259 270 264
319 191 264
269 186 290
269 290 262
280 187 323
280 323 268
282 207 301
282 301 274
322 219 291
276 322 291
294 211 318
294 318 281
323 187 297
284 323 297
320 194 299
292 320 299
295 189 234
306 23 22
306 232 222
222 220 306
232 306 22
305 46 45
305 210 217
287 305 217
46 305 287
287 47 46
287 217 215
321 238 212
11 10 318
318 265 11
211 265 318
315 32 31
293 315 31
315 216 224
216 315 293
308 48 47
293 31 30
303 216 293
286 28 27
27 246 286
246 304 286
288 301 245
42 41 279
279 248 42
203 248 279
30 29 273
30 273 293
303 273 214
273 303 293
41 40 271
41 271 279
300 271 209
271 300 279
13 12 254
295 217 210
295 210 307
44 43 247
210 247 307
189 225 302
314 193 192
192 250 314
294 314 250
206 252 280
280 252 226
226 187 280
187 226 277
297 187 277
214 249 277
249 297 277
316 259 191
316 311 259
204 275 264
275 188 227
319 275 227
275 319 264
292 224 216
295 307 327
327 189 295
328 230 33
328 315 224
330 44 247
330 210 305
247 210 330
331 238 321
332 47 287
308 47 332
277 226 333
333 303 277
334 205 240
335 225 186
302 225 335
336 298 296
286 309 337
208 244 338
239 267 338
338 244 239
338 267 208
202 251 340
340 251 241
341 223 308
342 223 233
308 223 342
344 14 13
13 254 344
345 248 278
278 205 345
247 248 345
215 217 346
346 217 295
328 224 196
230 328 196
331 14 344
345 205 307
247 345 307
214 273 337
214 337 309
15 14 331
15 331 321
225 189 327
201 298 336
201 336 302
193 223 341
193 341 283
342 49 48
48 308 342
233 49 342
32 328 33
315 328 32
332 287 215
215 283 332
308 332 341
341 332 283
311 313 285
313 311 316
202 340 343
340 241 239
234 189 336
336 296 234
336 189 302
243 186 334
334 240 243
334 186 225
335 186 269
269 267 335
302 335 201
335 267 201
294 281 310
294 310 314
319 263 191
263 319 274
29 28 337
337 273 29
337 28 286
50 233 326
199 326 233
326 199 235
326 235 6
325 231 36
231 325 198
237 198 325
35 237 325
324 232 21
232 324 200
236 200 324
20 236 324
312 251 289
251 312 298
298 312 296
339 220 263
339 274 301
339 263 274
288 339 301
222 197 263
263 197 316
191 263 316
263 220 222
346 283 215
346 295 234
45 44 330
45 330 305
339 288 347
348 271 40
322 271 348
40 39 348
192 193 349
349 193 283
351 204 244
351 272 275
275 204 351
244 272 351
347 24 23
306 347 23
25 24 347
25 347 288
347 306 220
339 347 220
348 39 219
322 348 219
257 309 304
304 309 286
333 216 303
333 292 216
333 226 190
292 333 190
329 238 331
331 344 329
205 327 307
327 205 334
327 334 225
244 204 350
239 244 350
239 350 340
343 350 329
343 340 350
352 246 26
352 288 245
245 246 352
353 329 350
350 204 353
238 329 353
353 204 270
238 353 270
352 26 25
288 352 25
343 254 202
343 344 254
343 329 344
296 192 349
296 349 234
346 234 349
349 283 346
69 68 387
389 367 364
363 366 390
52 51 404
80 79 399
398 67 66
402 49 50
65 64 403
398 367 389
390 366 399
361 363 390
389 364 362
64 63 397
64 397 403
364 367 397
403 397 367
396 48 49
402 396 49
396 366 363
366 396 402
401 37 38
410 407 373
413 57 56
73 72 415
415 414 73
359 394 419
420 395 357
359 419 422
374 420 423
424 423 381
381 416 424
425 419 373
427 425 373
373 407 427
428 409 381
428 420 357
429 409 375
360 426 430
44 45 431
431 421 44
432 418 369
369 421 432
434 410 373
375 433 435
435 429 375
436 426 379
379 405 436
438 411 375
375 409 438
442 422 376
444 407 372
446 434 373
46 47 447
448 420 374
448 440 395
395 420 448
381 409 450
39 40 451
378 417 455
354 410 456
386 429 456
379 426 457
457 451 379
458 389 362
362 442 458
461 417 378
381 450 464
464 416 381
368 408 465
362 364 466
391 459 466
466 364 391
376 425 467
374 412 468
380 440 468
382 443 470
374 423 471
471 412 374
53 52 474
476 416 382
477 47 48
48 396 477
478 417 358
358 463 478
479 363 361
481 387 68
481 398 389
46 447 482
359 422 484
484 459 359
376 437 486
486 442 376
487 450 386
386 434 487
488 36 37
37 401 488
490 1 36
51 1 490
491 3 65
66 3 491
50 2 492
492 2 80
38 39 493
493 401 38
396 363 479
365 488 401
396 479 477
490 36 488
458 387 481
458 481 389
481 68 67
398 481 67
493 39 451
447 47 477
404 51 490
474 52 404
392 474 404
408 368 433
408 433 406
444 370 427
407 444 427
418 465 408
428 357 438
428 438 409
429 386 450
429 450 409
434 386 456
434 456 410
438 357 441
412 471 413
483 395 440
415 370 444
416 476 424
467 370 445
417 478 455
432 378 455
432 455 418
425 376 422
419 425 422
428 381 423
420 428 423
431 378 432
431 432 421
442 362 484
442 484 422
424 471 423
427 370 467
427 467 425
436 371 430
426 436 430
483 360 430
435 354 456
435 456 429
446 356 487
446 487 434
448 374 468
448 468 440
486 387 458
442 486 458
461 378 482
461 482 447
487 356 464
450 487 464
484 362 466
459 484 466
365 401 489
401 493 489
462 355 400
472 76 75
472 377 385
453 472 385
76 472 453
453 77 76
453 385 383
474 392 388
485 405 379
45 46 482
482 431 45
378 431 482
480 62 61
460 480 61
480 384 391
384 480 460
475 78 77
460 61 60
470 384 460
452 58 57
57 413 452
413 471 452
454 380 468
454 468 412
72 71 445
445 415 72
370 415 445
60 59 439
60 439 460
470 439 382
439 470 460
71 70 437
71 437 445
467 437 376
437 467 445
43 44 421
462 385 377
462 377 473
74 73 414
377 414 473
355 393 469
479 361 358
358 417 479
461 479 417
373 419 446
446 419 394
394 356 446
356 394 443
464 356 443
382 416 443
416 464 443
489 426 360
426 489 457
371 441 430
441 357 395
483 441 395
441 483 430
459 391 384
462 473 494
494 355 462
495 397 63
495 480 391
496 405 485
498 74 414
498 377 472
414 377 498
499 77 453
475 77 499
443 394 500
500 470 443
501 372 407
388 380 502
502 380 454
503 393 354
469 393 503
504 413 56
412 413 504
505 465 463
452 476 506
375 411 507
406 433 507
507 411 406
507 433 375
369 418 508
508 418 408
451 40 509
485 379 509
509 379 451
510 390 475
511 390 399
475 390 511
513 42 43
43 421 513
514 415 444
444 372 514
414 415 514
383 385 515
515 385 462
495 391 364
397 495 364
496 42 513
514 372 473
414 514 473
509 40 41
485 509 41
382 439 506
382 506 476
41 42 496
41 496 485
393 355 494
368 465 505
368 505 469
361 390 510
361 510 449
511 79 78
78 475 511
399 79 511
62 495 63
480 495 62
499 453 383
383 449 499
475 499 510
510 499 449
493 451 457
489 493 457
369 508 512
508 408 406
400 355 505
505 463 400
505 355 469
410 354 501
501 407 410
501 354 393
503 354 435
435 433 503
469 503 368
503 433 368
461 447 477
461 477 479
59 58 506
506 439 59
506 58 452
80 399 492
366 492 399
492 366 402
492 402 50
491 398 66
398 491 367
403 367 491
65 403 491
478 418 455
418 478 465
465 478 463
56 55 504
454 412 504
504 55 454
392 404 365
365 404 488
404 490 488
515 449 383
515 462 400
75 74 498
75 498 472
516 392 365
365 489 516
517 437 70
486 437 517
70 69 517
358 361 518
518 361 449
519 371 411
519 438 441
441 371 519
411 438 519
483 440 521
521 360 483
522 516 489
489 360 522
522 360 521
380 521 440
388 392 516
517 69 387
486 517 387
424 476 471
471 476 452
500 384 470
500 459 384
500 394 359
459 500 359
54 53 502
388 502 474
474 502 53
497 405 496
496 513 497
372 494 473
494 372 501
494 501 393
411 371 520
406 411 520
406 520 508
512 520 497
512 508 520
523 497 520
520 371 523
405 497 523
512 421 369
512 513 421
512 497 513
380 388 522
388 516 522
380 522 521
463 358 518
463 518 400
515 400 518
518 449 515
523 371 436
405 523 436
54 502 454
454 55 54
539 82 81
99 98 559
561 537 535
534 536 562
83 82 567
110 109 571
570 97 96
66 67 572
576 79 80
95 94 577
567 82 539
538 567 539
570 537 561
562 536 571
538 539 572
538 572 573
531 534 562
561 535 532
67 68 575
575 572 67
575 573 572
94 93 569
94 569 577
535 537 569
577 569 537
568 78 79
576 568 79
568 536 534
536 568 576
70 71 551
573 560 538
567 538 560
560 573 533
72 73 582
583 579 545
103 102 588
588 587 103
529 565 592
529 592 594
597 595 553
553 589 597
598 592 545
599 598 545
545 579 599
600 581 553
601 567 560
602 581 547
603 578 543
603 596 551
551 578 603
74 75 604
604 593 74
605 591 541
541 593 605
530 596 607
608 583 545
547 606 609
609 602 547
547 581 611
613 584 566
552 584 613
615 594 548
616 533 530
560 533 616
530 584 616
618 579 544
620 613 566
621 608 545
76 77 622
553 581 624
628 584 552
628 601 560
550 590 629
524 583 630
558 602 630
631 561 532
532 615 631
634 590 550
553 624 637
637 589 553
530 533 638
638 596 530
540 580 639
532 535 640
563 632 640
640 535 563
548 598 641
546 585 642
552 613 642
554 617 644
546 595 645
645 585 546
649 589 554
650 77 78
78 568 650
651 590 528
528 636 651
652 584 530
566 584 652
653 534 531
655 559 98
655 570 561
76 622 656
529 594 657
657 632 529
548 610 658
658 615 548
659 624 558
558 608 659
551 596 660
661 3 66
661 539 81
81 3 661
662 4 95
96 4 662
80 2 663
663 2 110
568 534 653
568 653 650
661 66 572
539 661 572
631 559 655
631 655 561
655 98 97
570 655 97
622 77 650
580 540 606
618 542 599
579 618 599
591 639 580
600 527 611
600 611 581
602 558 624
602 624 581
608 558 630
608 630 583
611 527 614
628 560 616
584 628 616
585 645 586
588 542 618
589 649 597
641 542 619
590 651 629
605 550 629
605 629 591
598 548 594
592 598 594
600 553 595
604 550 605
604 605 593
615 532 657
615 657 594
597 645 595
603 543 607
603 607 596
638 660 596
599 542 641
599 641 598
652 530 607
609 524 630
609 630 602
621 526 659
621 659 608
620 546 642
620 642 613
658 559 631
615 658 631
634 550 656
634 656 622
659 526 637
624 659 637
657 532 640
632 657 640
83 601 84
567 601 83
635 525 574
646 106 105
646 549 557
626 646 557
106 646 626
626 107 106
626 557 555
75 76 656
656 604 75
550 604 656
654 92 91
633 654 91
654 556 563
556 654 633
648 108 107
633 91 90
644 556 633
625 88 87
87 586 625
586 645 625
102 101 619
619 588 102
542 588 619
627 552 642
627 642 585
627 85 84
84 601 627
628 552 627
601 628 627
90 89 612
90 612 633
644 612 554
612 644 633
101 100 610
101 610 619
641 610 548
610 641 619
73 74 593
593 582 73
635 557 549
635 549 647
104 103 587
549 587 647
525 564 643
653 531 528
528 590 653
634 653 590
545 592 621
621 592 565
565 526 621
660 69 70
70 551 660
526 565 617
637 526 617
554 589 617
589 637 617
573 575 533
638 533 575
543 614 607
614 527 566
652 614 566
614 652 607
620 566 527
600 620 527
546 620 595
620 600 595
632 563 556
664 551 71
578 551 664
635 647 665
665 525 635
666 569 93
666 654 563
667 578 582
668 104 587
668 549 646
587 549 668
669 107 626
648 107 669
617 565 670
670 644 617
671 544 579
672 564 524
643 564 672
673 639 636
625 649 674
675 606 547
541 591 676
676 591 580
677 611 614
614 543 677
678 562 648
679 562 571
648 562 679
680 588 618
618 544 680
587 588 680
555 557 681
681 557 635
666 563 535
569 666 535
680 544 647
587 680 647
554 612 674
554 674 649
564 525 665
540 639 673
540 673 643
531 562 678
531 678 623
679 109 108
108 648 679
571 109 679
92 666 93
654 666 92
669 626 555
555 623 669
648 669 678
678 669 623
574 525 673
673 636 574
673 525 643
664 71 72
72 582 664
664 582 578
583 524 671
671 579 583
671 524 564
672 524 609
609 606 672
643 672 540
672 606 540
634 622 650
634 650 653
89 88 674
674 612 89
674 88 625
110 571 663
536 663 571
663 536 576
663 576 80
662 570 96
570 662 537
577 537 662
95 577 662
651 591 629
591 651 639
639 651 636
681 623 555
681 635 574
105 104 668
105 668 646
682 610 100
658 610 682
100 99 682
543 578 683
528 531 684
684 531 623
683 578 667
677 543 683
682 99 559
658 682 559
597 649 645
645 649 625
670 556 644
670 632 556
670 565 529
632 670 529
87 86 586
544 665 647
665 544 671
665 671 564
686 586 86
585 586 686
687 68 69
575 68 687
69 660 687
638 575 687
638 687 660
636 528 684
636 684 574
681 574 684
684 623 681
86 85 686
686 85 627
627 585 686
580 606 685
676 580 685
685 606 675
667 541 688
685 683 688
688 683 667
593 541 689
667 582 689
689 541 667
689 582 593
688 541 676
685 688 676
611 675 547
675 611 677
677 683 675
675 683 685
17 18 725
726 702 699
700 703 727
730 712 701
738 19 20
6 7 739
125 124 744
743 109 110
718 729 712
98 99 733
738 702 726
727 703 739
698 700 727
726 699 697
114 113 740
740 729 114
740 701 712
729 740 712
740 113 112
112 704 740
740 704 701
124 123 737
124 737 744
699 702 737
744 737 702
736 108 109
743 736 109
736 703 700
703 736 743
730 701 704
730 704 735
752 747 710
755 117 116
13 14 757
757 756 13
694 732 761
694 761 763
765 764 719
719 758 765
766 761 710
767 766 710
710 747 767
768 750 719
769 750 713
104 105 770
770 762 104
771 760 706
706 762 771
773 752 710
713 772 775
775 769 713
777 753 713
713 750 777
779 735 704
780 729 718
782 763 714
717 745 783
708 774 783
786 747 709
788 773 710
106 107 789
734 791 792
719 750 793
795 774 696
716 759 797
690 752 798
724 769 798
799 726 697
697 782 799
802 759 716
719 793 805
805 758 719
705 748 806
697 699 807
728 800 807
807 699 728
714 766 808
720 785 810
711 764 811
811 754 711
711 754 814
814 791 711
817 758 720
818 107 108
108 736 818
819 759 695
695 804 819
820 700 698
822 725 18
822 738 726
823 730 735
106 789 824
694 763 825
825 800 694
714 776 826
826 782 714
827 793 724
724 773 827
829 2 6
110 2 829
20 0 830
830 0 125
100 101 781
736 700 820
736 820 818
799 725 822
799 822 726
822 18 19
738 822 19
789 107 818
748 705 772
748 772 746
753 708 751
746 753 751
786 707 767
747 786 767
760 806 748
768 693 777
768 777 750
769 724 793
769 793 750
773 724 798
773 798 752
777 693 784
754 811 755
757 707 786
758 817 765
808 707 787
759 819 797
771 716 797
771 797 760
766 714 763
761 766 763
768 719 764
770 716 771
770 771 762
782 697 825
782 825 763
765 811 764
767 707 808
767 808 766
775 690 798
775 798 769
788 691 827
788 827 773
795 717 783
774 795 783
826 725 799
782 826 799
802 716 824
802 824 789
814 718 792
791 814 792
827 691 805
793 827 805
825 697 807
800 825 807
803 692 741
812 10 11
812 715 723
796 812 723
10 812 796
796 9 10
796 723 721
712 730 815
105 106 824
824 770 105
716 770 824
821 122 121
801 821 121
821 722 728
722 821 801
816 8 9
801 121 120
810 722 801
794 118 117
117 755 794
755 811 794
14 15 787
787 757 14
707 757 787
120 119 778
120 778 801
810 778 720
778 810 801
780 718 814
780 814 754
15 16 776
15 776 787
808 776 714
776 808 787
103 104 762
762 749 103
803 723 715
803 715 813
12 13 756
715 756 813
828 781 717
742 730 823
815 730 742
823 98 733
733 742 823
97 823 735
97 98 823
828 717 795
742 828 795
742 733 828
692 731 809
820 698 695
695 759 820
802 820 759
710 761 788
788 761 732
732 691 788
691 732 785
805 691 785
720 758 785
758 805 785
708 784 774
734 696 784
784 693 734
774 784 696
791 734 693
768 791 693
711 791 764
791 768 764
696 734 792
696 792 815
718 712 792
815 792 712
97 779 96
735 779 97
800 728 722
803 813 831
831 692 803
832 737 123
832 821 728
833 12 756
833 715 812
756 715 833
102 103 834
834 103 749
745 717 835
835 717 781
836 745 749
837 9 796
816 9 837
838 795 696
838 815 742
742 795 838
696 815 838
785 732 839
839 810 785
840 709 747
841 731 690
809 731 841
842 806 804
843 755 116
843 780 754
754 755 843
794 817 844
713 753 845
746 772 845
845 753 746
845 772 713
706 760 846
846 760 748
847 727 816
848 727 739
816 727 848
849 762 706
849 836 749
749 762 849
706 836 849
850 836 751
751 708 850
745 836 850
851 757 786
786 709 851
756 757 851
721 723 852
852 723 803
832 728 699
737 832 699
850 708 783
745 850 783
851 709 813
756 851 813
720 778 844
720 844 817
843 116 115
780 843 115
731 692 831
705 806 842
705 842 809
698 727 847
698 847 790
848 7 8
8 816 848
739 7 848
122 832 123
821 832 122
837 796 721
721 790 837
816 837 847
847 837 790
836 706 846
746 751 846
846 748 746
751 836 846
835 781 101
741 692 842
842 804 741
842 692 809
752 690 840
840 747 752
840 690 731
841 690 775
775 772 841
809 841 705
841 772 705
802 789 818
802 818 820
119 118 844
844 778 119
844 118 794
6 739 829
703 829 739
829 703 743
829 743 110
830 738 20
738 830 702
744 702 830
125 744 830
819 760 797
760 819 806
806 819 804
100 781 99
828 733 99
828 99 781
852 790 721
852 803 741
834 101 102
834 749 745
835 834 745
101 834 835
11 12 833
11 833 812
853 776 16
826 776 853
16 17 853
695 698 854
854 698 790
855 115 114
855 729 780
780 115 855
114 729 855
856 708 753
856 777 784
784 708 856
753 777 856
853 17 725
826 853 725
765 817 811
811 817 794
839 722 810
839 800 722
839 732 694
800 839 694
709 831 813
831 709 840
831 840 731
804 695 854
804 854 741
852 741 854
854 790 852
857 4 96
111 4 857
96 779 857
857 112 111
704 112 857
857 779 704
891 143 144
869 870 893
868 872 894
895 871 867
141 142 903
905 154 155
21 22 904
126 127 907
908 139 140
909 34 35
893 870 903
894 872 904
905 871 895
895 867 865
866 869 893
902 33 34
909 902 34
902 870 869
870 902 909
901 138 139
908 901 139
901 872 868
872 901 908
127 128 900
127 900 907
867 871 900
907 900 871
878 912 915
26 27 918
920 147 148
148 919 920
924 898 862
860 899 925
927 924 862
928 925 879
885 928 929
929 921 885
878 924 930
878 930 932
932 912 878
885 914 933
860 925 933
880 914 934
936 931 863
937 131 132
132 926 937
874 923 938
938 926 874
878 915 940
941 939 880
880 934 941
884 931 942
942 910 884
880 916 944
944 914 880
881 927 948
877 912 950
878 940 952
953 129 130
879 925 954
899 946 954
954 925 899
956 914 885
957 136 137
961 922 883
962 915 858
962 934 890
866 893 963
963 948 866
883 922 966
969 956 885
885 921 969
970 913 873
971 869 866
971 964 896
896 869 971
972 930 881
973 917 879
975 949 886
976 928 879
879 917 976
886 921 981
128 129 982
982 900 128
983 931 884
884 957 983
864 922 984
984 968 864
985 137 138
138 901 985
865 867 986
143 891 989
893 903 989
990 953 130
992 927 862
862 964 992
135 136 993
994 943 881
881 948 994
890 956 995
995 940 890
996 0 21
140 0 996
35 1 997
997 1 141
998 5 126
155 5 998
993 136 957
884 993 957
986 867 900
901 868 988
982 986 900
901 988 985
989 891 963
893 989 963
142 143 989
142 989 903
957 137 985
982 129 953
939 873 913
911 939 913
932 875 950
932 950 912
913 970 923
944 860 933
914 944 933
956 890 934
914 956 934
962 890 940
915 962 940
947 860 944
918 976 917
946 899 991
950 875 920
929 981 921
951 875 972
961 984 922
961 883 938
923 961 938
927 881 930
927 930 924
928 885 933
928 933 925
938 883 937
926 938 937
992 866 948
927 992 948
928 976 929
972 875 932
930 972 932
936 876 942
936 942 931
936 863 991
962 858 941
934 962 941
995 859 952
940 995 952
973 879 954
946 973 954
963 891 994
963 994 948
990 883 966
953 990 966
969 859 995
969 995 956
971 866 992
971 992 964
906 861 967
22 23 978
894 904 978
978 892 894
22 978 904
150 151 977
889 882 977
889 977 959
959 977 151
151 152 959
887 889 959
884 910 993
990 130 131
131 937 990
990 937 883
31 32 987
31 987 965
896 888 987
965 987 888
152 153 980
30 31 965
965 888 975
27 28 958
958 918 27
958 976 918
917 973 960
951 146 147
147 920 951
951 920 875
945 29 30
965 945 30
886 945 975
965 975 945
943 145 146
951 943 146
881 943 972
951 972 943
926 132 133
882 889 967
979 882 967
919 148 149
979 919 882
974 897 861
864 865 986
986 922 864
922 986 966
952 924 878
898 924 952
952 859 898
949 898 859
949 859 969
949 921 886
949 969 921
863 931 988
931 983 988
936 947 876
899 860 947
899 947 991
936 991 947
888 896 964
999 979 967
967 861 999
33 902 1000
896 987 1000
919 149 1002
977 882 1002
1002 882 919
993 910 1003
959 152 1004
1004 152 980
1005 898 949
949 975 1005
912 877 1006
858 897 1007
1007 897 974
968 970 1008
1009 981 958
1010 916 880
1010 939 911
911 916 1010
880 939 1010
1012 923 874
913 923 1012
980 895 1013
905 895 1014
1014 895 980
133 134 1016
1016 926 133
950 920 1017
1017 877 950
1017 920 919
1018 889 887
967 889 1018
869 896 1000
869 1000 902
1016 134 1003
979 877 1017
979 1017 919
1009 945 886
981 1009 886
1003 134 135
993 1003 135
999 861 897
1008 970 873
974 1008 873
1013 895 865
955 1013 865
153 154 1014
1014 980 153
1014 154 905
33 1000 32
32 1000 987
887 959 1004
1004 955 887
1013 1004 980
955 1004 1013
957 985 983
988 983 985
1015 1012 874
911 913 1012
1008 861 906
906 968 1008
974 861 1008
1006 858 915
915 912 1006
897 858 1006
941 858 1007
1007 939 941
873 1007 974
873 939 1007
982 953 966
986 982 966
863 935 991
946 991 935
1009 28 29
29 945 1009
958 28 1009
998 905 155
905 998 871
907 871 998
126 907 998
141 903 997
870 997 903
997 870 909
997 909 35
21 904 996
872 996 904
996 872 908
996 908 140
961 923 984
970 984 923
968 984 970
935 892 1011
973 946 1011
946 935 1011
973 1011 960
935 868 894
988 868 935
988 935 863
894 892 935
887 955 1018
906 967 1018
1002 149 150
977 1002 150
1019 960 1011
145 943 1020
1020 943 994
1020 144 145
1021 865 864
955 865 1021
916 876 1023
947 944 1023
1023 876 947
1023 944 916
23 24 1019
23 1019 978
1019 24 25
960 1019 25
892 978 1019
892 1019 1011
891 144 1020
891 1020 994
976 981 929
958 981 976
975 888 1005
888 964 1005
862 898 1005
862 1005 964
1003 910 1001
1001 1016 1003
979 999 877
1006 877 999
897 1006 999
1022 876 916
1022 916 911
1012 1022 911
1001 1022 1015
1022 1012 1015
26 918 1024
917 960 1024
1024 918 917
1022 1001 1025
1025 876 1022
1025 1001 910
942 876 1025
942 1025 910
25 26 1024
25 1024 960
874 926 1015
926 1016 1015
1016 1001 1015
1021 864 968
906 1021 968
1021 906 1018
1018 955 1021
1058 158 159
1036 1039 1059
1060 1038 1035
144 143 1068
1069 143 142
1037 1069 1072
1071 169 170
156 157 1070
155 154 1075
1076 64 65
1068 143 1069
1068 1069 1037
1059 1039 1070
1071 1038 1060
1060 1035 1033
1034 1036 1059
142 141 1073
1073 1069 142
1073 1072 1069
1067 63 64
1076 1067 64
1067 1039 1036
1039 1067 1076
154 153 1066
154 1066 1075
1035 1038 1066
1075 1066 1038
1082 148 147
1044 1079 1083
1084 1077 1042
56 57 1088
1090 162 163
163 1089 1090
1094 1063 1031
1029 1065 1095
1097 1094 1031
1098 1095 1045
1052 1098 1099
1099 1091 1052
1044 1094 1100
1044 1100 1101
1101 1079 1044
1052 1081 1102
1029 1095 1102
1046 1081 1104
1105 150 149
149 1096 1105
1044 1083 1108
1109 1103 1032
1110 1107 1046
1046 1104 1110
1042 1077 1112
1050 1103 1112
1046 1085 1113
1113 1081 1046
1114 1087 1051
1047 1097 1117
1043 1079 1119
1045 1095 1120
1065 1114 1120
1120 1095 1065
1044 1108 1122
1123 152 151
1125 1081 1052
1129 1092 1049
1130 1083 1026
1130 1104 1057
1034 1059 1131
1131 1117 1034
1051 1087 1132
1133 1086 1045
1133 1114 1051
1049 1092 1136
145 144 1137
1140 1125 1052
1052 1091 1140
1141 1080 1040
1142 1036 1034
1142 1134 1061
1061 1036 1142
1143 1100 1047
1145 1118 1053
1146 1098 1045
1045 1086 1146
1053 1091 1151
153 152 1152
1152 1066 153
1030 1092 1153
1153 1139 1030
1033 1035 1154
1032 1087 1156
158 1058 1157
1059 1070 1157
1032 1103 1158
1159 1123 151
1160 1097 1031
1031 1134 1160
1162 1111 1047
1047 1117 1162
1057 1125 1163
1163 1108 1057
65 3 1164
1164 3 156
1165 5 155
170 5 1165
146 145 1166
1166 145 1137
1050 1166 1137
1154 1035 1066
52 53 1147
52 1147 1064
1152 1154 1066
1157 1058 1131
1059 1157 1131
157 158 1157
157 1157 1070
1152 152 1123
1137 144 1068
1107 1040 1080
1078 1107 1080
1084 1042 1085
1084 1085 1078
1101 1041 1119
1101 1119 1079
1080 1141 1093
1113 1029 1102
1081 1113 1102
1125 1057 1104
1081 1125 1104
1130 1057 1108
1083 1130 1108
1116 1029 1113
1088 1146 1086
1114 1065 1156
1114 1156 1087
1119 1041 1090
1099 1151 1091
1121 1041 1143
1129 1153 1092
1129 1049 1106
1093 1129 1106
1097 1047 1100
1097 1100 1094
1098 1052 1102
1098 1102 1095
1106 1049 1105
1096 1106 1105
1160 1034 1117
1097 1160 1117
1098 1146 1099
1143 1041 1101
1100 1143 1101
1109 1042 1112
1109 1112 1103
1109 1032 1156
1130 1026 1110
1104 1130 1110
1163 1028 1122
1108 1163 1122
1133 1045 1120
1114 1133 1120
1131 1058 1162
1131 1162 1117
1159 1049 1136
1123 1159 1136
1140 1028 1163
1140 1163 1125
1142 1034 1160
1142 1160 1134
1074 1027 1138
165 166 1148
1056 1048 1148
1056 1148 1128
1128 1148 166
166 167 1128
1054 1056 1128
1159 151 150
150 1105 1159
1159 1105 1049
61 62 1155
61 1155 1135
1061 1055 1155
1135 1155 1055
167 168 1150
1147 53 54
60 61 1135
1135 1055 1145
57 58 1126
1126 1088 57
1126 1146 1088
1121 161 162
162 1090 1121
1121 1090 1041
1133 1051 1127
1086 1133 1127
54 55 1127
1115 59 60
1135 1115 60
1053 1115 1145
1135 1145 1115
1111 160 161
1121 1111 161
1047 1111 1143
1121 1143 1111
1096 149 148
148 1082 1096
1048 1056 1138
1149 1048 1138
1089 163 164
1149 1089 1048
1144 1062 1027
1030 1033 1154
1154 1092 1030
1092 1154 1136
1073 1064 1072
1064 1161 1072
1122 1094 1044
1063 1094 1122
1122 1028 1063
1118 1063 1028
1118 1028 1140
1118 1091 1053
1118 1140 1091
1161 1087 1032
1161 1132 1087
1109 1116 1042
1065 1029 1116
1065 1116 1156
1109 1156 1116
1055 1061 1134
1167 1149 1138
1138 1027 1167
1168 1096 1082
63 1067 1169
1061 1155 1169
1170 54 1127
1170 1132 1147
1147 54 1170
1089 164 1171
1148 1048 1171
1171 1048 1089
51 52 1172
1064 1073 1172
1172 52 1064
1128 167 1173
1173 167 1150
1174 1063 1118
1118 1145 1174
1082 147 1175
1175 1077 1082
1079 1043 1176
1026 1062 1177
1177 1062 1144
1093 1106 1178
1139 1141 1179
1180 1151 1126
1181 1085 1046
1181 1107 1078
1078 1085 1181
1046 1107 1181
1050 1112 1182
1182 1112 1077
1182 1166 1050
1150 1060 1183
1071 1060 1184
1184 1060 1150
1119 1090 1185
1185 1043 1119
1185 1090 1089
1186 1056 1054
1138 1056 1186
1036 1061 1169
1036 1169 1067
1149 1043 1185
1149 1185 1089
1180 1115 1053
1151 1180 1053
1175 147 146
1166 1175 146
1182 1077 1175
1166 1182 1175
1170 1127 1051
1132 1170 1051
1167 1027 1062
1179 1141 1040
1144 1179 1040
1183 1060 1033
1124 1183 1033
168 169 1184
1184 1150 168
1184 169 1071
63 1169 62
62 1169 1155
1054 1128 1173
1173 1124 1054
1183 1173 1150
1124 1173 1183
1179 1027 1074
1074 1139 1179
1144 1027 1179
1080 1093 1178
1078 1080 1178
1178 1084 1078
1176 1026 1083
1083 1079 1176
1062 1026 1176
1110 1026 1177
1177 1107 1110
1040 1177 1144
1040 1107 1177
1152 1123 1136
1154 1152 1136
1180 58 59
59 1115 1180
1126 58 1180
1165 1071 170
1071 1165 1038
1075 1038 1165
155 1075 1165
156 1070 1164
1039 1164 1070
1164 1039 1076
1164 1076 65
1129 1093 1153
1141 1153 1093
1139 1153 1141
1068 1037 1158
1050 1158 1103
1158 1050 1137
1158 1137 1068
1054 1124 1186
1074 1138 1186
1171 164 165
1148 1171 165
160 1111 1187
1187 1111 1162
1187 159 160
1188 1033 1030
1124 1033 1188
1085 1042 1189
1116 1113 1189
1189 1042 1116
1189 1113 1085
1190 1 51
141 1 1190
51 1172 1190
1073 141 1190
1073 1190 1172
1058 159 1187
1058 1187 1162
1146 1151 1099
1126 1151 1146
1106 1096 1168
1178 1106 1168
1077 1084 1168
1168 1082 1077
1084 1178 1168
1158 1037 1032
1032 1037 1161
1037 1072 1161
1145 1055 1174
1055 1134 1174
1031 1063 1174
1031 1174 1134
1149 1167 1043
1176 1043 1167
1062 1176 1167
1132 1064 1147
1064 1132 1161
1191 55 56
1127 55 1191
56 1088 1191
1086 1127 1191
1191 1088 1086
1188 1030 1139
1074 1188 1139
1188 1074 1186
1186 1124 1188
81 82 1207
1227 173 174
1203 1205 1229
1230 1204 1202
1235 82 83
1239 184 185
171 172 1238
1240 157 156
170 169 1244
1245 94 95
1207 82 1235
1207 1235 1206
1229 1205 1238
1239 1204 1230
1240 1207 1206
1241 1240 1206
1230 1202 1199
1200 1203 1229
1243 158 157
157 1240 1243
1240 1241 1243
1237 93 94
1245 1237 94
1237 1205 1203
1205 1237 1245
169 168 1236
169 1236 1244
1202 1204 1236
1244 1236 1204
1219 161 160
1206 1228 1241
1228 1206 1235
1201 1241 1228
1250 163 162
1213 1247 1251
1256 177 178
178 1255 1256
1260 1233 1197
1262 1260 1197
1221 1263 1265
1265 1257 1221
1213 1260 1266
1213 1266 1267
1267 1247 1213
1221 1249 1268
1228 1235 1269
1215 1249 1270
1211 1246 1271
1219 1264 1271
1271 1246 1219
1272 165 164
164 1261 1272
1209 1259 1273
1273 1261 1209
1275 1264 1198
1213 1251 1276
1277 1274 1215
1215 1270 1277
1279 1249 1215
1234 1252 1281
1281 1252 1220
1216 1262 1283
1198 1201 1284
1284 1201 1228
1284 1252 1198
1212 1247 1286
1234 1281 1288
1213 1276 1289
1290 167 166
1292 1249 1221
1220 1252 1296
1228 1269 1296
1297 1258 1218
1298 1251 1192
1298 1270 1226
1200 1229 1299
1299 1283 1200
1218 1258 1302
1305 1292 1221
1221 1257 1305
1306 1201 1198
1198 1264 1306
1307 1248 1208
1308 1203 1200
1308 1300 1231
1231 1203 1308
1309 1266 1216
1310 1253 1214
1310 1281 1220
1312 1285 1222
1313 1263 1214
1214 1253 1313
1222 1257 1317
168 167 1318
1318 1236 168
1196 1258 1319
1319 1304 1196
1198 1252 1320
1320 1252 1234
1199 1202 1321
173 1227 1323
1229 1238 1323
1324 1290 166
1325 1262 1197
1197 1300 1325
1326 1278 1216
1216 1283 1326
1226 1292 1327
1327 1276 1226
1328 1264 1219
1329 3 81
156 3 1329
81 1207 1329
95 4 1330
1330 4 171
1331 5 170
185 5 1331
1321 1202 1236
1318 1321 1236
1240 156 1329
1240 1329 1207
1323 1227 1299
1229 1323 1299
172 173 1323
172 1323 1238
1318 167 1290
1274 1208 1248
1267 1210 1286
1267 1286 1247
1248 1307 1259
1279 1195 1268
1249 1279 1268
1292 1226 1270
1249 1292 1270
1298 1226 1276
1251 1298 1276
1282 1195 1279
1284 1228 1296
1284 1296 1252
1254 1313 1253
1286 1210 1256
1265 1317 1257
1287 1210 1309
1297 1319 1258
1297 1218 1273
1259 1297 1273
1262 1216 1266
1262 1266 1260
1263 1221 1268
1273 1218 1272
1261 1273 1272
1325 1200 1283
1262 1325 1283
1263 1313 1265
1275 1211 1271
1264 1275 1271
1264 1328 1306
1309 1210 1267
1266 1309 1267
1275 1198 1320
1298 1192 1277
1270 1298 1277
1327 1194 1289
1276 1327 1289
1310 1214 1288
1281 1310 1288
1299 1227 1326
1299 1326 1283
1324 1218 1302
1290 1324 1302
1305 1194 1327
1305 1327 1292
1308 1200 1325
1308 1325 1300
84 1269 83
83 1269 1235
1242 1193 1303
180 181 1314
1225 1217 1314
1225 1314 1294
1294 1314 181
181 182 1294
1223 1225 1294
1324 166 165
165 1272 1324
1324 1272 1218
91 92 1322
91 1322 1301
1231 1224 1322
1301 1322 1224
182 183 1316
90 91 1301
1301 1224 1312
87 88 1293
1293 1254 87
1293 1313 1254
1287 176 177
177 1256 1287
1287 1256 1210
1310 1220 1295
1253 1310 1295
84 85 1295
1295 1269 84
1295 1220 1296
1295 1296 1269
1280 89 90
1301 1280 90
1222 1280 1312
1301 1312 1280
1278 175 176
1287 1278 176
1216 1278 1309
1287 1309 1278
1261 164 163
163 1250 1261
1217 1225 1303
1315 1217 1303
1255 178 179
1315 1255 1217
1311 1232 1193
1196 1199 1321
1321 1258 1196
1258 1321 1302
1289 1260 1213
1233 1260 1289
1289 1194 1233
160 159 1328
1328 1219 160
1285 1233 1194
1285 1194 1305
1285 1257 1222
1285 1305 1257
1201 1243 1241
1243 1201 1306
1275 1282 1211
1234 1195 1282
1234 1282 1320
1275 1320 1282
1195 1234 1288
1195 1288 1268
1263 1288 1214
1263 1268 1288
1224 1231 1300
161 1219 1332
1332 1219 1246
1333 1315 1303
1303 1193 1333
93 1237 1334
1231 1322 1334
1250 1246 1335
1255 179 1336
1314 1217 1336
1336 1217 1255
1294 182 1337
1337 182 1316
1338 1233 1285
1285 1312 1338
1247 1212 1339
1192 1232 1340
1340 1232 1311
1304 1307 1341
1342 1317 1293
1215 1274 1343
1344 1259 1209
1248 1259 1344
1282 1279 1345
1345 1211 1282
1316 1230 1346
1239 1230 1347
1347 1230 1316
1286 1256 1348
1348 1212 1286
1348 1256 1255
1349 1225 1223
1303 1225 1349
1203 1231 1334
1203 1334 1237
1315 1212 1348
1315 1348 1255
1342 1280 1222
1317 1342 1222
1333 1193 1232
1341 1307 1208
1311 1341 1208
1346 1230 1199
1291 1346 1199
183 184 1347
1347 1316 183
1347 184 1239
93 1334 92
92 1334 1322
1223 1294 1337
1337 1291 1223
1346 1337 1316
1291 1337 1346
1341 1193 1242
1242 1304 1341
1311 1193 1341
162 161 1332
1332 1250 162
1246 1250 1332
1339 1192 1251
1251 1247 1339
1232 1192 1339
1277 1192 1340
1340 1274 1277
1208 1340 1311
1208 1274 1340
1318 1290 1302
1321 1318 1302
1342 88 89
89 1280 1342
1293 88 1342
1331 1239 185
1239 1331 1204
1244 1204 1331
170 1244 1331
171 1238 1330
1205 1330 1238
1330 1205 1245
1330 1245 95
1297 1259 1319
1307 1319 1259
1304 1319 1307
1223 1291 1349
1242 1303 1349
1336 179 180
1314 1336 180
175 1278 1350
1350 1278 1326
1350 174 175
1351 1246 1211
1352 1199 1196
1291 1199 1352
1335 1246 1351
1351 1211 1345
1227 174 1350
1227 1350 1326
1313 1317 1265
1293 1317 1313
1312 1224 1338
1224 1300 1338
1197 1233 1338
1197 1338 1300
1254 86 87
1315 1333 1212
1339 1212 1333
1232 1339 1333
86 1254 1354
1354 1254 1253
159 158 1355
1355 158 1243
1355 1328 159
1355 1243 1306
1328 1355 1306
1352 1196 1304
1242 1352 1304
1352 1242 1349
1349 1291 1352
1354 85 86
1295 85 1354
1354 1253 1295
1353 1274 1248
1353 1248 1344
1343 1274 1353
1356 1209 1335
1356 1351 1353
1335 1351 1356
1357 1209 1261
1357 1250 1335
1335 1209 1357
1261 1250 1357
1344 1209 1356
1344 1356 1353
1215 1343 1279
1345 1279 1343
1343 1351 1345
1353 1351 1343
1390 138 137
1367 1370 1391
1392 1371 1368
174 173 1400
1401 173 172
1369 1401 1404
140 139 1402
1403 127 126
1408 124 125
185 184 1407
1400 173 1401
1400 1401 1369
1391 1370 1402
1403 1371 1392
1392 1368 1366
1365 1367 1391
172 171 1405
1405 1401 172
1405 1404 1401
1399 123 124
1408 1399 124
1399 1370 1367
1370 1399 1408
184 183 1398
184 1398 1407
1368 1371 1398
1407 1398 1371
1414 178 177
1376 1411 1415
1416 1409 1374
116 117 1420
1422 134 133
133 1421 1422
1426 1395 1362
1361 1397 1427
1429 1426 1362
1430 1427 1377
1384 1430 1431
1431 1423 1384
1376 1426 1432
1376 1432 1433
1433 1411 1376
1384 1413 1434
1361 1427 1434
1378 1413 1436
1437 180 179
179 1428 1437
1376 1415 1440
1441 1435 1364
1442 1439 1378
1378 1436 1442
1374 1409 1444
1382 1435 1444
1378 1417 1445
1445 1413 1378
1446 1419 1383
1379 1429 1449
1375 1411 1451
1377 1427 1452
1397 1446 1452
1452 1427 1397
1376 1440 1454
1455 182 181
1457 1413 1384
1461 1424 1381
1462 1415 1358
1462 1436 1389
1365 1391 1463
1463 1449 1365
1383 1419 1464
1465 1418 1377
1465 1446 1383
1381 1424 1468
175 174 1469
1472 1457 1384
1384 1423 1472
1473 1412 1372
1474 1367 1365
1474 1466 1393
1393 1367 1474
1475 1432 1379
1477 1450 1385
1478 1430 1377
1377 1418 1478
1385 1423 1483
183 182 1484
1484 1398 183
1363 1424 1485
1485 1471 1363
1366 1368 1486
1364 1419 1488
138 1390 1489
1391 1402 1489
1364 1435 1490
1491 1455 181
1492 1429 1362
1362 1466 1492
1494 1443 1379
1379 1449 1494
1389 1457 1495
1495 1440 1389
126 5 1496
1496 5 185
125 0 1497
1497 0 140
176 175 1498
1498 175 1469
1382 1498 1469
1486 1368 1398
112 113 1479
112 1479 1396
1484 1486 1398
1489 1390 1463
1391 1489 1463
139 138 1489
139 1489 1402
1484 182 1455
1469 174 1400
1439 1372 1412
1410 1439 1412
1416 1374 1417
1416 1417 1410
1433 1373 1451
1433 1451 1411
1412 1473 1425
1445 1361 1434
1413 1445 1434
1457 1389 1436
1413 1457 1436
1462 1389 1440
1415 1462 1440
1448 1361 1445
1420 1478 1418
1446 1397 1488
1446 1488 1419
1451 1373 1422
1431 1483 1423
1453 1373 1475
1461 1485 1424
1461 1381 1438
1425 1461 1438
1429 1379 1432
1429 1432 1426
1430 1384 1434
1430 1434 1427
1438 1381 1437
1428 1438 1437
1492 1365 1449
1429 1492 1449
1430 1478 1431
1475 1373 1433
1432 1475 1433
1441 1374 1444
1441 1444 1435
1441 1364 1488
1462 1358 1442
1436 1462 1442
1495 1359 1454
1440 1495 1454
1465 1377 1452
1446 1465 1452
1463 1390 1494
1463 1494 1449
1491 1381 1468
1455 1491 1468
1472 1359 1495
1472 1495 1457
1474 1365 1492
1474 1492 1466
1406 1360 1470
131 130 1480
1388 1380 1480
1388 1480 1460
1460 1480 130
130 129 1460
1386 1388 1460
1491 181 180
180 1437 1491
1491 1437 1381
121 122 1487
121 1487 1467
1393 1387 1487
1467 1487 1387
129 128 1482
1479 113 114
120 121 1467
1467 1387 1477
117 118 1458
1458 1420 117
1458 1478 1420
1453 135 134
134 1422 1453
1453 1422 1373
1465 1383 1459
1418 1465 1459
114 115 1459
1447 119 120
1467 1447 120
1385 1447 1477
1467 1477 1447
1443 136 135
1453 1443 135
1379 1443 1475
1453 1475 1443
1428 179 178
178 1414 1428
1380 1388 1470
1481 1380 1470
1421 133 132
1481 1421 1380
1476 1394 1360
1363 1366 1486
1486 1424 1363
1424 1486 1468
1405 1396 1404
1396 1493 1404
1454 1426 1376
1395 1426 1454
1454 1359 1395
1450 1395 1359
1450 1359 1472
1450 1423 1385
1450 1472 1423
1493 1419 1364
1493 1464 1419
1441 1448 1374
1397 1361 1448
1397 1448 1488
1441 1488 1448
1387 1393 1466
1499 1481 1470
1470 1360 1499
1500 1428 1414
123 1399 1501
1393 1487 1501
1502 114 1459
1502 1464 1479
1479 114 1502
1421 132 1503
1480 1380 1503
1503 1380 1421
111 112 1504
1396 1405 1504
1504 112 1396
1460 129 1505
1505 129 1482
1506 1395 1450
1450 1477 1506
1414 177 1507
1507 1409 1414
1411 1375 1508
1358 1394 1509
1509 1394 1476
1425 1438 1510
1471 1473 1511
1512 1483 1458
1513 1417 1378
1513 1439 1410
1410 1417 1513
1378 1439 1513
1382 1444 1514
1514 1444 1409
1514 1498 1382
1482 1392 1515
1403 1392 1516
1516 1392 1482
1451 1422 1517
1517 1375 1451
1517 1422 1421
1518 1388 1386
1470 1388 1518
1367 1393 1501
1367 1501 1399
1481 1375 1517
1481 1517 1421
1512 1447 1385
1483 1512 1385
1507 177 176
1498 1507 176
1514 1409 1507
1498 1514 1507
1502 1459 1383
1464 1502 1383
1499 1360 1394
1511 1473 1372
1476 1511 1372
1515 1392 1366
1456 1515 1366
128 127 1516
1516 1482 128
1516 127 1403
123 1501 122
122 1501 1487
1386 1460 1505
1505 1456 1386
1515 1505 1482
1456 1505 1515
1511 1360 1406
1406 1471 1511
1476 1360 1511
1412 1425 1510
1410 1412 1510
1510 1416 1410
1508 1358 1415
1415 1411 1508
1394 1358 1508
1442 1358 1509
1509 1439 1442
1372 1509 1476
1372 1439 1509
1484 1455 1468
1486 1484 1468
1512 118 119
119 1447 1512
1458 118 1512
1496 1403 126
1403 1496 1371
1407 1371 1496
185 1407 1496
140 1402 1497
1370 1497 1402
1497 1370 1408
1497 1408 125
1461 1425 1485
1473 1485 1425
1471 1485 1473
1400 1369 1490
1382 1490 1435
1490 1382 1469
1490 1469 1400
1386 1456 1518
1406 1470 1518
1503 132 131
1480 1503 131
136 1443 1519
1519 1443 1494
1519 137 136
1520 1366 1363
1456 1366 1520
1417 1374 1521
1448 1445 1521
1521 1374 1448
1521 1445 1417
1522 4 111
171 4 1522
111 1504 1522
1405 171 1522
1405 1522 1504
1390 137 1519
1390 1519 1494
1478 1483 1431
1458 1483 1478
1438 1428 1500
1510 1438 1500
1409 1416 1500
1500 1414 1409
1416 1510 1500
1490 1369 1364
1364 1369 1493
1369 1404 1493
1477 1387 1506
1387 1466 1506
1362 1395 1506
1362 1506 1466
1481 1499 1375
1508 1375 1499
1394 1508 1499
1464 1396 1479
1396 1464 1493
1523 115 116
1459 115 1523
116 1420 1523
1418 1459 1523
1523 1420 1418
1520 1363 1471
1406 1520 1471
1520 1406 1518
1518 1456 1520
