44 43 262
26 25 263
264 58 57
8 7 265
266 22 21
267 40 39
59 58 273
272 25 24
271 43 42
274 7 6
41 40 275
262 43 271
263 25 272
273 58 264
40 267 275
274 265 7
232 265 274
273 264 232
233 263 272
234 262 271
31 30 291
298 291 244
254 278 300
306 277 237
237 281 306
308 285 222
240 305 309
246 296 312
239 286 314
241 298 314
314 286 241
258 249 315
317 295 247
250 310 319
321 252 257
321 318 225
245 277 322
322 250 245
226 310 324
326 303 248
327 300 251
223 278 329
329 278 254
329 316 223
330 290 249
235 290 330
250 322 331
331 310 250
331 322 240
252 321 333
333 321 225
334 245 250
335 278 223
335 305 253
336 11 10
336 315 242
339 299 236
340 286 239
239 316 340
228 230 341
341 319 228
236 299 342
342 299 251
342 302 236
244 307 346
346 298 244
241 286 347
252 333 349
350 281 237
351 287 224
270 316 352
352 307 270
352 316 239
225 292 353
353 292 260
353 333 225
354 257 252
356 50 49
51 50 358
252 349 359
235 330 360
250 319 361
362 315 249
249 290 362
242 315 362
363 262 234
364 232 264
364 343 268
366 349 260
255 318 367
367 344 255
368 294 255
54 53 372
257 354 372
372 354 54
373 53 52
52 344 373
375 326 248
377 263 233
10 9 378
258 315 378
226 303 383
383 310 226
267 269 386
386 275 267
386 269 234
12 11 387
358 50 356
247 358 356
372 53 373
372 373 257
387 11 336
242 387 336
290 235 301
306 240 322
306 322 277
305 240 306
305 306 281
355 224 287
318 255 294
284 318 294
296 246 347
296 347 286
276 242 362
276 362 290
368 247 295
294 368 295
307 244 380
296 370 312
320 259 332
320 332 297
346 239 314
298 346 314
384 222 304
317 247 356
326 228 383
326 383 303
335 223 309
305 335 309
352 239 346
307 352 346
380 244 311
383 228 319
310 383 319
331 240 324
310 331 324
336 10 378
336 378 315
329 254 340
329 340 316
321 257 367
321 367 318
341 361 319
353 260 349
333 353 349
358 247 368
364 264 357
343 364 357
367 257 373
367 373 344
349 366 359
269 267 369
233 382 377
269 231 371
382 230 228
228 326 382
326 375 382
26 337 27
263 337 26
44 348 45
262 348 44
376 20 19
365 38 37
344 52 51
358 344 51
255 344 368
358 368 344
55 54 354
354 252 359
19 18 334
19 334 376
361 334 250
334 361 376
325 293 237
16 15 325
237 277 325
328 56 55
354 328 55
354 359 328
380 323 248
323 380 311
248 323 375
337 375 323
37 36 313
30 29 311
311 291 30
244 291 311
371 231 227
256 284 339
339 236 256
384 302 222
236 302 384
384 256 236
379 330 249
374 341 230
9 8 381
378 9 381
381 8 265
258 378 381
248 303 380
303 226 270
307 303 270
307 380 303
259 320 369
231 269 369
369 320 231
268 229 379
379 249 258
309 324 240
59 273 2
273 274 6
274 273 232
273 6 2
385 233 272
386 234 271
229 268 343
229 343 366
299 339 389
390 251 299
327 251 390
299 279 390
392 391 289
15 14 393
293 325 393
393 325 15
394 14 13
313 288 395
397 16 325
325 277 397
398 48 47
399 267 39
369 267 399
256 384 401
379 258 403
403 258 381
276 290 404
404 290 301
29 28 405
323 311 405
405 311 29
407 57 56
407 328 357
56 328 407
408 278 335
265 232 409
371 227 411
412 281 350
350 238 412
413 246 312
289 402 414
330 379 415
415 360 330
238 301 416
334 18 417
417 245 334
419 37 313
365 37 419
420 28 27
420 337 323
27 337 420
422 312 261
251 300 423
225 318 424
424 318 284
425 266 21
374 266 425
426 237 293
350 237 426
427 285 308
308 253 427
243 317 429
254 370 430
430 370 296
270 226 431
431 226 324
432 0 23
24 0 432
433 1 41
42 1 433
434 287 351
297 287 434
347 246 435
227 231 436
320 297 436
436 231 320
437 31 291
295 317 438
438 396 295
439 222 302
308 222 439
49 48 440
440 356 49
441 276 282
280 388 442
443 260 292
360 260 443
444 423 300
300 278 444
409 232 364
268 409 364
444 278 408
435 246 402
289 435 402
393 14 394
393 394 293
434 227 436
434 436 297
411 227 400
412 238 416
440 48 398
405 28 420
405 420 323
419 313 395
332 419 395
242 276 441
242 441 387
417 18 17
419 332 259
365 419 259
264 57 407
264 407 357
418 442 388
396 438 418
410 288 414
410 414 402
241 347 435
435 391 241
289 391 435
430 340 254
286 340 430
430 296 286
443 235 360
337 263 377
337 377 375
375 377 382
425 21 20
20 376 425
34 33 392
414 392 289
399 39 38
38 365 399
369 399 259
399 365 259
442 243 421
355 287 422
422 261 355
282 293 394
282 394 441
428 355 261
426 293 282
238 350 426
253 308 408
408 335 253
348 262 363
348 363 338
411 338 363
371 411 363
294 295 396
396 284 294
298 241 437
437 291 298
437 241 391
312 370 261
261 370 327
428 279 280
428 224 355
12 387 441
403 381 265
409 403 265
403 268 379
268 403 409
429 398 345
404 301 238
426 404 238
404 282 276
282 404 426
279 299 388
388 280 279
389 388 299
357 328 343
343 328 359
366 343 359
361 341 376
341 374 425
341 425 376
36 288 313
342 423 302
439 302 423
342 251 423
366 260 229
360 229 260
229 360 415
415 379 229
410 395 288
23 22 385
22 266 385
234 269 371
234 371 363
13 12 441
13 441 394
288 36 35
45 348 445
445 348 338
446 283 421
447 261 327
428 261 447
327 390 447
448 428 280
224 428 448
449 254 300
449 327 370
370 254 449
300 327 449
447 390 279
428 447 279
46 45 445
446 421 243
243 429 446
446 429 345
389 339 284
284 396 389
432 272 24
432 385 272
23 385 432
317 356 440
429 317 440
440 398 429
431 309 223
324 309 431
374 230 382
385 374 233
382 233 374
266 374 385
32 31 437
32 437 391
402 246 413
410 402 413
410 413 406
439 408 308
408 439 423
444 408 423
351 224 448
448 280 442
283 351 448
283 448 421
448 442 421
433 271 42
433 386 271
41 275 433
275 386 433
317 243 438
438 243 442
418 438 442
223 316 431
431 316 270
418 388 389
389 396 418
443 304 235
400 283 446
400 338 411
338 400 345
400 446 345
422 287 406
312 406 413
406 312 422
397 17 16
397 417 17
397 277 245
397 245 417
285 412 416
412 285 427
253 305 427
427 305 281
281 412 427
345 398 450
451 410 406
395 410 451
351 283 452
400 227 452
452 283 400
453 222 285
304 222 453
454 288 35
414 288 454
35 34 454
453 285 416
301 453 416
452 227 434
351 452 434
454 34 392
414 454 392
46 450 47
47 450 398
338 345 445
450 445 345
46 445 450
32 391 33
392 33 391
443 292 401
401 384 304
401 304 443
301 235 455
304 453 455
455 235 304
455 453 301
424 292 225
424 284 256
401 424 256
292 424 401
297 332 451
287 297 451
395 451 332
451 406 287
469 61 60
80 79 494
495 94 93
57 58 497
498 76 75
95 94 505
504 79 78
506 58 59
77 76 507
494 79 504
505 94 495
76 498 507
506 497 58
465 497 506
505 495 465
466 494 504
508 62 61
508 61 469
508 468 467
468 508 469
44 45 502
467 468 496
67 66 525
484 518 527
482 539 540
457 520 542
478 533 545
547 520 457
547 539 484
473 519 548
475 534 548
548 519 475
490 481 549
550 529 479
553 483 488
553 551 459
474 521 554
458 517 556
456 537 557
559 524 481
470 524 559
483 553 562
562 553 459
496 468 563
564 54 55
564 549 476
567 536 471
458 515 568
568 517 458
569 519 473
474 554 570
471 536 571
482 540 571
571 540 471
475 519 576
578 526 459
483 562 579
580 522 460
459 526 581
581 526 492
581 562 459
47 48 582
583 488 483
485 489 584
480 555 586
587 86 85
87 86 589
489 485 590
502 45 590
483 579 591
470 559 592
593 549 481
481 524 593
476 549 593
594 494 466
595 465 495
595 572 499
597 579 492
502 590 598
598 590 485
487 551 599
599 573 487
600 528 487
90 89 603
488 583 603
603 583 90
604 48 49
605 89 88
88 573 605
486 537 606
606 537 456
55 56 608
490 549 608
612 1 42
60 1 612
498 500 613
613 507 498
613 500 466
617 46 47
489 46 617
582 48 604
589 86 587
479 589 587
603 89 605
603 605 488
502 615 496
598 615 502
496 615 467
590 45 46
489 590 46
580 460 530
514 580 530
518 484 568
585 460 522
551 487 528
516 551 528
533 478 576
533 576 519
532 470 542
532 542 520
547 484 527
520 547 527
509 476 593
509 593 524
526 578 535
600 479 529
528 600 529
552 491 561
552 561 531
606 456 545
533 606 545
575 473 548
534 575 548
611 457 542
535 611 542
550 479 587
547 457 540
539 547 540
563 42 43
564 55 608
564 608 549
556 486 569
553 488 599
553 599 551
554 616 570
581 492 579
562 581 579
589 479 600
595 495 588
572 595 588
599 488 605
599 605 573
579 597 591
500 498 601
500 464 602
563 43 496
42 563 612
469 60 612
468 469 612
612 563 468
607 508 467
485 503 598
598 503 615
43 44 496
44 502 496
80 577 81
494 577 80
596 74 73
573 88 87
589 573 87
487 573 600
589 600 573
91 90 583
583 483 591
560 68 67
558 92 91
583 558 91
583 591 558
65 64 555
555 543 65
73 72 546
66 65 543
543 525 66
602 464 461
611 540 457
471 540 611
462 503 485
614 503 462
545 456 493
544 554 521
56 57 610
608 56 610
610 57 497
490 608 610
493 456 557
491 552 601
464 500 601
601 552 464
582 617 47
582 616 617
607 614 586
515 458 501
499 463 609
609 481 490
473 566 569
556 569 566
95 505 2
505 506 59
506 505 465
505 59 2
613 466 504
463 499 572
463 572 597
618 472 541
512 618 619
512 620 621
621 620 509
622 619 513
513 604 622
515 521 624
624 521 474
586 555 625
536 567 626
627 521 515
515 501 627
628 618 541
546 523 631
474 570 633
513 628 633
633 570 513
634 542 470
535 542 634
635 84 83
544 521 636
637 498 75
601 498 637
638 71 70
639 580 514
461 580 639
640 624 474
541 472 641
535 578 642
642 611 535
509 524 644
69 68 645
645 68 560
646 537 486
646 556 517
486 556 646
609 490 647
647 490 610
649 478 545
586 614 650
650 480 586
651 93 92
651 558 588
92 558 651
653 543 555
555 480 653
497 465 654
602 461 655
472 532 657
657 532 520
658 545 493
660 73 546
596 73 660
514 530 661
534 475 662
662 475 560
539 482 663
484 539 664
517 568 664
664 568 484
459 551 666
516 578 666
666 551 516
666 578 459
475 576 667
477 550 668
670 628 541
672 3 77
78 3 672
673 522 580
580 461 673
531 522 673
674 510 557
536 510 674
462 485 675
544 636 675
461 464 676
552 531 676
676 464 552
677 501 458
677 556 566
458 556 677
559 481 678
678 481 609
486 606 679
679 606 533
529 550 680
680 632 529
85 84 681
681 587 85
682 568 515
518 568 682
515 624 682
511 623 683
654 465 595
499 654 595
627 636 521
673 461 676
673 676 531
655 461 639
646 517 663
646 663 537
663 517 664
663 664 539
675 485 584
544 675 584
681 84 635
660 546 631
561 660 631
660 561 491
596 660 491
495 93 651
495 651 588
628 513 619
618 628 619
659 683 623
640 518 682
640 682 624
656 523 638
629 69 645
670 474 633
628 670 633
640 474 670
632 680 659
648 462 675
648 675 636
652 523 656
652 656 643
667 576 478
643 667 478
679 569 486
519 569 679
679 533 519
50 622 49
49 622 604
671 51 52
52 620 671
671 620 512
50 51 671
622 50 671
512 619 671
619 622 671
70 69 629
70 629 638
629 656 638
637 75 74
74 596 637
601 637 491
637 596 491
530 511 683
530 683 661
683 477 661
585 522 658
658 493 585
669 585 493
662 67 525
525 534 662
560 67 662
577 494 594
577 594 565
655 565 594
602 655 594
528 529 632
632 516 528
669 510 511
530 669 511
669 460 585
530 460 669
647 610 497
654 647 497
647 499 609
499 647 654
678 592 559
657 641 472
527 641 657
657 520 527
668 635 574
634 526 535
634 470 592
492 634 592
492 526 634
63 625 64
64 625 555
641 527 518
640 641 518
541 641 670
640 670 641
510 536 623
623 511 510
626 623 536
588 558 572
572 558 591
597 572 591
584 489 617
544 584 554
616 554 584
584 617 616
538 648 630
72 523 546
625 63 62
508 625 62
625 508 607
625 607 586
597 492 463
592 463 492
463 592 678
678 609 463
652 631 523
560 475 667
560 667 645
629 645 667
644 532 472
621 509 644
665 480 538
674 482 571
536 674 571
538 480 650
466 500 602
466 602 594
523 72 71
638 523 71
684 630 501
81 577 685
685 577 565
686 514 661
524 470 687
532 644 687
687 470 532
687 644 524
665 575 688
537 663 689
689 557 537
689 663 482
690 493 557
690 510 669
669 493 690
557 510 690
691 52 53
620 52 691
689 482 674
557 689 674
684 501 677
566 684 677
538 630 684
538 684 665
82 81 685
686 661 477
477 668 686
686 668 574
626 567 516
516 632 626
550 587 681
668 550 681
681 635 668
627 501 630
630 648 627
648 636 627
653 480 665
688 653 665
567 471 642
611 642 471
578 516 642
642 516 567
659 623 626
626 632 659
672 504 78
672 613 504
77 507 672
507 613 672
643 478 649
652 643 649
550 477 680
680 477 683
659 680 683
604 513 570
616 604 570
582 604 616
656 629 643
629 667 643
53 54 691
476 691 564
476 509 691
691 54 564
691 509 620
639 514 686
639 565 655
565 639 574
639 686 574
462 650 614
650 462 648
648 538 650
472 618 621
472 621 644
621 618 512
574 635 692
631 652 693
694 649 545
545 658 694
665 684 695
695 575 665
695 684 566
695 566 473
575 695 473
82 692 83
83 692 635
565 574 685
692 685 574
82 685 692
525 543 688
534 525 688
653 688 543
688 575 534
615 614 467
467 614 607
503 614 615
531 561 693
522 531 693
631 693 561
652 649 694
693 652 694
658 522 694
693 694 522
116 115 737
738 130 129
93 94 739
740 112 111
708 743 748
131 130 751
750 115 114
752 94 95
113 112 753
81 82 736
99 98 744
737 115 750
751 130 738
708 722 734
708 734 747
112 740 753
752 739 94
706 739 752
751 738 706
707 737 750
78 79 748
722 708 745
747 743 708
729 100 99
744 729 99
103 102 769
773 717 728
696 765 787
718 779 789
712 764 792
714 780 792
792 764 714
731 721 793
794 776 719
796 765 696
796 785 725
798 724 730
798 795 698
697 762 799
800 700 746
801 784 723
803 728 717
804 770 721
709 770 804
724 798 807
807 798 698
808 90 91
808 793 715
697 760 810
810 762 697
712 782 811
812 783 710
813 764 712
710 783 814
814 783 723
814 786 710
714 764 818
820 772 698
821 782 712
724 807 822
823 766 699
698 772 824
824 772 733
824 807 698
825 730 724
827 122 121
123 122 829
724 822 830
709 804 831
832 749 702
833 793 721
721 770 833
715 793 833
834 737 707
835 722 705
734 722 835
836 706 738
836 815 741
838 822 733
727 795 839
839 816 727
840 775 727
126 125 843
730 825 843
843 825 126
844 125 124
124 816 844
82 83 845
845 83 728
847 803 717
91 92 848
731 793 848
852 747 744
744 98 852
743 747 852
745 708 853
748 79 853
853 708 748
740 742 856
856 753 740
856 742 707
829 122 827
719 829 827
843 125 844
843 844 730
747 850 744
853 79 80
826 699 766
771 725 810
771 810 760
795 727 775
761 795 775
762 785 784
779 718 818
779 818 764
778 709 787
778 787 765
796 725 774
765 796 774
754 715 833
754 833 770
772 820 781
840 719 776
775 840 776
797 732 806
797 806 777
779 846 789
821 712 792
780 821 792
854 696 787
781 854 787
794 719 827
796 696 786
808 91 848
808 848 793
799 726 813
798 730 839
798 839 795
824 733 822
807 824 822
829 719 840
836 738 828
815 836 828
839 730 844
839 844 816
822 838 830
742 740 841
742 704 842
835 832 734
749 832 835
835 705 749
728 803 845
845 803 736
736 82 845
729 744 850
749 705 847
116 819 117
737 819 116
837 110 109
816 124 123
829 816 123
727 816 840
829 840 816
127 126 825
825 724 830
805 104 103
802 128 127
825 802 127
825 830 802
720 702 800
800 782 720
109 108 790
842 704 701
788 101 100
854 786 696
710 786 854
705 722 855
855 722 745
729 788 100
92 93 851
848 92 851
851 93 739
731 848 851
760 697 746
732 797 841
704 742 841
841 797 704
811 746 697
799 811 697
712 811 813
799 813 811
741 703 849
849 721 731
131 751 2
751 752 95
752 751 706
751 95 2
852 98 97
743 852 97
856 707 750
703 741 815
703 815 838
858 857 757
757 857 859
861 857 791
862 729 850
788 729 862
757 860 863
863 858 757
863 860 754
773 728 864
788 862 866
783 812 868
805 714 869
870 723 783
801 723 870
783 755 870
871 869 768
790 767 873
875 80 81
875 855 745
876 787 709
781 787 876
877 120 119
878 740 111
841 740 878
781 820 880
880 854 781
882 799 762
762 784 882
726 799 882
754 770 883
105 104 885
805 869 885
885 104 805
849 731 886
886 731 851
890 129 128
890 802 828
128 802 890
891 867 788
788 866 891
739 706 892
842 701 893
768 884 895
896 718 789
769 867 897
897 780 769
711 778 898
898 778 765
899 847 705
803 847 899
705 855 899
902 109 790
837 109 902
725 785 903
762 810 903
903 785 762
903 810 725
904 861 791
906 789 735
907 717 763
847 717 907
746 811 908
782 800 908
908 811 782
908 800 746
698 795 909
761 820 909
909 795 761
909 820 698
911 103 769
805 103 911
716 794 913
914 800 702
702 749 914
700 800 914
915 4 113
114 4 915
916 766 823
777 766 916
917 872 791
791 857 917
918 866 720
720 782 918
701 704 919
797 777 919
919 704 797
920 747 734
850 747 920
734 832 920
804 721 921
921 721 849
776 794 922
922 874 776
818 718 923
121 120 924
924 827 121
726 846 925
925 846 779
756 865 926
927 862 850
892 706 836
741 892 836
853 80 875
853 875 745
923 718 884
768 923 884
916 701 919
916 919 777
893 701 879
780 897 821
924 120 877
902 790 873
806 902 873
902 806 732
837 902 732
83 84 864
83 864 728
736 803 899
736 899 855
875 81 736
855 875 736
738 129 890
738 890 828
858 711 917
858 917 857
861 759 859
857 861 859
927 720 866
862 927 866
900 926 865
866 918 891
891 897 867
871 105 885
871 885 869
881 713 904
874 922 900
894 767 895
894 895 884
714 818 923
923 869 714
768 869 923
925 813 726
764 813 925
925 779 764
910 87 88
88 860 910
910 860 757
86 87 910
757 859 910
901 85 86
901 859 759
759 773 901
864 901 773
106 105 871
895 871 768
878 111 110
110 837 878
841 878 732
878 837 732
926 716 905
713 763 887
717 773 887
887 763 717
826 766 906
906 735 826
912 826 735
927 702 720
702 927 832
920 832 927
850 920 927
789 846 735
735 846 801
819 737 834
819 834 809
893 809 834
842 893 834
775 776 874
874 761 775
780 714 911
911 769 780
911 714 805
917 711 898
774 872 898
898 765 774
872 917 898
912 755 756
912 699 826
886 851 739
892 886 739
886 741 849
741 886 892
921 831 804
913 877 817
876 772 781
876 709 831
733 876 831
733 772 876
102 101 867
867 769 102
867 101 788
755 783 865
865 756 755
868 865 783
881 872 771
791 872 904
881 904 872
828 802 815
815 802 830
838 815 830
888 763 713
881 888 713
888 771 760
771 888 881
108 767 790
888 746 700
700 763 888
760 746 888
907 763 700
907 700 914
907 749 847
907 914 749
894 873 767
883 778 711
711 858 883
863 754 883
863 883 858
838 733 703
831 703 733
703 831 921
921 849 703
904 713 887
759 861 887
887 773 759
861 904 887
707 742 842
707 842 834
864 84 85
901 864 85
767 108 107
928 901 86
928 910 859
859 901 928
86 910 928
117 819 929
929 819 809
930 735 801
912 735 930
801 870 930
931 758 905
932 912 756
699 912 932
933 725 771
933 872 774
774 725 933
771 872 933
770 709 934
778 883 934
934 709 778
934 883 770
935 88 89
860 88 935
936 796 786
785 796 936
814 723 936
814 936 786
930 870 755
912 930 755
118 117 929
931 905 716
716 913 931
931 913 817
868 812 761
761 874 868
918 782 821
897 918 821
891 918 897
794 827 924
913 794 924
924 877 913
884 718 896
894 884 896
894 896 889
812 710 880
854 880 710
820 761 880
880 761 812
823 699 932
932 756 926
758 823 932
758 932 905
932 926 905
915 750 114
915 856 750
113 753 915
753 856 915
794 716 922
922 716 926
900 922 926
900 865 868
868 874 900
89 90 935
715 935 808
715 754 935
935 90 808
935 754 860
879 758 931
879 809 893
809 879 817
879 931 817
906 766 889
789 889 896
889 789 906
817 877 937
938 894 889
873 894 938
823 758 939
879 701 939
939 758 879
940 767 107
895 767 940
107 106 940
723 784 941
785 936 941
941 784 785
941 936 723
939 701 916
823 939 916
940 106 871
895 940 871
118 937 119
119 937 877
809 817 929
937 929 817
118 929 937
942 801 846
846 726 942
784 801 942
943 3 78
96 3 943
942 726 882
784 942 882
748 743 943
943 78 748
777 806 938
766 777 938
873 938 806
938 889 766
743 97 96
96 943 743
979 957 951
136 135 983
21 22 988
989 7 8
129 130 991
992 148 147
948 976 997
1001 996 954
999 22 23
6 7 1000
149 148 1003
1002 130 131
984 136 983
120 121 970
1001 954 995
990 1001 995
988 22 999
1000 7 989
148 992 1003
1002 991 130
953 991 1002
1000 989 953
952 988 999
133 132 996
983 1004 968
1004 134 133
133 996 1004
996 1001 1004
998 116 117
114 115 954
979 951 986
979 986 965
983 135 134
1004 983 134
117 118 977
117 977 998
139 138 1009
973 1013 1023
964 960 1028
944 1015 1036
960 1014 1038
961 1028 1038
1038 1014 961
1038 1028 960
966 1027 1039
1040 1015 944
1040 1032 973
980 969 1042
1043 1025 967
1046 1018 984
1047 972 978
1047 1044 946
1048 1016 976
1049 1033 971
1052 1021 969
955 1021 1052
970 1011 1053
1053 982 970
1054 1050 982
972 1047 1056
1056 1047 946
1057 126 127
1057 1042 962
982 1053 1058
1058 1053 959
1060 1046 984
1061 1031 956
1062 1014 960
982 1050 1063
956 1031 1064
1064 1031 971
1064 1035 956
1068 983 968
984 983 1068
961 1014 1069
1071 1022 946
972 1056 1072
1073 1017 945
946 1022 1074
1074 1022 985
1074 1056 946
137 136 1075
984 1018 1075
1075 136 984
1075 1018 137
1076 978 972
1078 15 16
14 15 1080
972 1072 1081
955 1052 1082
1083 1042 969
969 1021 1083
962 1042 1083
1084 988 952
964 1046 1085
1086 953 989
1086 1065 993
1088 1072 985
948 979 1089
965 1050 1089
1089 979 965
975 1044 1090
1090 1066 975
1091 1024 975
1092 115 116
116 998 1092
974 1033 1094
11 12 1096
978 1076 1096
1096 1076 11
1097 12 13
13 1066 1097
127 128 1099
980 1042 1099
1104 1050 965
1105 4 114
132 4 1105
992 994 1106
1106 1003 992
1106 994 952
125 126 1107
1080 15 1078
967 1080 1078
1096 12 1097
1096 1097 978
1098 995 1092
998 1098 1092
1107 126 1057
962 1107 1057
954 115 1092
954 1092 995
1077 945 1017
1044 975 1024
1012 1044 1024
1032 971 1033
1027 966 1069
1027 1069 1014
1030 955 1036
1030 1036 1015
1040 973 1023
1015 1040 1023
138 137 1018
1005 962 1083
1005 1083 1021
1022 1071 1029
1091 967 1025
1024 1091 1025
1045 981 1055
1045 1055 1026
1027 1094 1039
1103 944 1036
1029 1103 1036
1040 944 1035
1049 1094 1033
1043 967 1078
1054 982 1058
1037 974 1062
1057 127 1099
1057 1099 1042
1047 978 1090
1047 1090 1044
1060 957 1085
1060 1085 1046
1054 948 1089
1054 1089 1050
1104 977 1063
1050 1104 1063
1074 985 1072
1056 1074 1072
1080 967 1091
1086 989 1079
1065 1086 1079
1090 978 1097
1090 1097 1066
1072 1088 1081
994 992 1093
994 949 1095
114 954 1105
1105 954 996
996 132 1105
1060 968 951
951 957 1060
1068 1060 984
968 1060 1068
962 1005 1107
21 1070 20
988 1070 21
1087 146 145
1066 13 14
1080 1066 14
975 1066 1091
1080 1091 1066
10 11 1076
1076 972 1081
118 1063 977
1051 9 10
1076 1051 10
1076 1081 1051
145 144 1041
1018 1009 138
1095 949 947
1103 1035 944
956 1035 1103
998 977 1104
998 1104 1098
1004 990 968
1001 990 1004
959 1048 1058
128 129 1102
1099 128 1102
1102 129 991
980 1099 1102
965 986 1104
986 990 995
986 995 1098
1098 1104 986
981 1045 1093
949 994 1093
1093 1045 949
993 950 1101
1101 969 980
1085 1100 964
957 1100 1085
1100 957 997
2 6 1000
1000 1002 131
1002 1000 953
2 1000 131
1106 952 999
950 993 1065
950 1065 1088
1107 1005 1109
1008 1108 1110
1008 1109 1111
1111 1109 1005
1031 1061 1113
1115 971 1031
1049 971 1115
1031 1006 1115
959 1053 1116
1116 1053 1011
1020 1114 1117
1041 1019 1118
1120 970 121
1011 970 1120
1121 1036 955
1029 1036 1121
1122 17 18
1123 1033 974
974 1037 1123
1124 992 147
1093 992 1124
141 140 1126
1126 1114 141
1029 1071 1128
1128 1103 1029
1005 1021 1129
1101 980 1131
1131 980 1102
964 1028 1132
1132 1028 1009
1133 951 968
1133 990 986
986 951 1133
968 990 1133
1135 8 9
1135 1051 1079
9 1051 1135
991 953 1136
1095 947 1138
1020 1130 1139
1140 966 1039
958 1030 1141
1141 1030 1015
1013 973 1142
1142 1016 1013
979 948 1144
997 957 1144
1144 948 997
1144 957 979
1145 145 1041
1087 145 1145
1147 1039 987
973 1032 1148
974 1094 1149
1149 1094 1027
946 1044 1150
1012 1071 1150
1150 1044 1012
1150 1071 946
1151 964 1100
960 964 1151
963 1043 1153
23 0 1154
1154 0 149
1155 1017 1073
1026 1017 1155
1069 966 1156
947 949 1157
1045 1026 1157
1157 949 1045
1025 1043 1160
1160 1119 1025
16 17 1161
1161 1078 16
1052 969 1162
1162 969 1101
1163 140 139
1007 1112 1164
1136 953 1086
993 1136 1086
1156 966 1130
1020 1156 1130
1155 947 1157
1155 1157 1026
1138 947 1125
1161 17 1122
1126 140 1163
1145 1041 1118
1055 1145 1118
1145 1055 981
1087 1145 981
989 8 1135
989 1135 1079
1143 1164 1112
1114 1126 1117
1119 1160 1143
1137 1019 1139
1137 1139 1130
1163 139 1009
1158 1163 1009
961 1069 1156
1156 1117 961
1020 1117 1156
1149 1062 974
1014 1062 1149
1149 1027 1014
1159 123 124
124 1109 1159
1159 1109 1008
122 123 1159
1110 1159 1008
1120 121 122
122 1159 1120
1110 1011 1120
1110 1120 1159
142 141 1114
1139 1114 1020
1124 147 146
146 1087 1124
1093 1124 981
1124 1087 981
1164 963 1146
1077 1017 1147
1147 987 1077
1152 1077 987
1070 988 1084
1070 1084 1059
1138 1059 1084
1095 1138 1084
1024 1025 1119
1119 1012 1024
1039 1094 987
987 1094 1049
1023 1013 1127
1152 1006 1007
1152 945 1077
1131 1102 991
1136 1131 991
1131 993 1101
993 1131 1136
1141 1015 1023
1023 1127 1141
1162 1082 1052
1153 1122 1067
1121 1022 1029
1121 955 1082
985 1121 1082
985 1022 1121
1006 1031 1112
1112 1007 1006
1113 1112 1031
1028 961 1158
1158 1009 1028
1158 961 1117
1079 1051 1065
1065 1051 1081
1088 1065 1081
144 1019 1041
1063 118 119
1129 1030 958
1111 1005 1129
1088 985 950
1082 950 985
950 1082 1162
1162 1101 950
1137 1118 1019
1132 1046 964
1132 1009 1018
1018 1046 1132
1116 1011 1110
1034 959 1116
958 1108 1129
1111 1108 1008
1111 1129 1108
1109 124 125
1107 1109 125
952 994 1095
952 1095 1084
1019 144 143
1165 1063 119
1165 970 982
982 1063 1165
20 1070 1166
1166 1070 1059
1167 987 1049
1152 987 1167
1049 1115 1167
1168 1010 1146
1169 1152 1007
945 1152 1169
1021 955 1170
1030 1129 1170
1170 955 1030
1170 1129 1021
1171 959 1034
1034 1127 1171
1116 1110 1172
1172 1034 1116
1172 1110 1108
1173 1127 1034
1173 1108 958
1100 997 1175
1173 1034 1172
1108 1173 1172
1171 1127 1013
1167 1115 1006
1152 1167 1006
1173 958 1141
1127 1173 1141
19 20 1166
1168 1146 963
963 1153 1168
1168 1153 1067
1126 1163 1117
1163 1158 1117
120 1165 119
970 1165 120
1113 1061 1012
1012 1119 1113
1043 1078 1161
1153 1043 1161
1161 1122 1153
1130 966 1140
1137 1130 1140
1137 1140 1134
1174 976 1016
1174 1016 1142
1061 956 1128
1103 1128 956
1071 1012 1128
1128 1012 1061
1073 945 1169
1169 1007 1164
1010 1073 1169
1010 1169 1146
1169 1164 1146
1154 999 23
1154 1106 999
149 1003 1154
1003 1106 1154
1043 963 1160
1160 963 1164
1143 1160 1164
1143 1112 1113
1113 1119 1143
1125 1010 1168
1125 1059 1138
1059 1125 1067
1125 1168 1067
1147 1017 1134
1039 1134 1140
1134 1039 1147
1032 1033 1123
1148 1032 1123
1067 1122 1176
1177 1137 1134
1118 1137 1177
1073 1010 1178
1125 947 1178
1178 1010 1125
1179 1019 143
1139 1019 1179
143 142 1179
1180 971 1032
1180 1040 1035
1032 1040 1180
1064 971 1180
1064 1180 1035
1178 947 1155
1073 1178 1155
1179 142 1114
1139 1179 1114
19 1176 18
18 1176 1122
1059 1067 1166
1176 1166 1067
19 1166 1176
976 1175 997
1175 976 1174
1174 1037 1175
1142 973 1148
1148 1037 1174
1037 1148 1123
1148 1174 1142
1171 1048 959
1171 1013 1016
1016 1048 1171
1181 976 948
1048 976 1181
948 1054 1181
1058 1048 1181
1058 1181 1054
960 1151 1062
1037 1062 1151
1037 1151 1175
1175 1151 1100
1026 1055 1177
1017 1026 1177
1118 1177 1055
1177 1134 1017
170 1222 169
26 1223 25
1224 183 184
152 1225 151
1226 165 166
1227 39 40
1232 24 25
185 1233 184
1231 168 169
1234 150 151
41 1235 40
1222 1231 169
1223 1232 25
1233 1224 184
40 1235 1227
1234 151 1225
1192 1234 1225
1233 1192 1224
1193 1232 1223
1194 1231 1222
31 1251 30
1258 1204 1251
1214 1260 1238
1266 1197 1237
1197 1266 1241
1268 1182 1245
1200 1269 1265
1206 1272 1256
1199 1274 1246
1201 1274 1258
1274 1201 1246
1218 1275 1209
1277 1207 1255
1210 1279 1270
1281 1217 1212
1281 1186 1278
1205 1282 1237
1282 1205 1210
1185 1284 1270
1286 1208 1263
1287 1211 1260
1183 1289 1238
1289 1214 1238
1289 1183 1276
1290 1209 1250
1195 1290 1250
1210 1291 1282
1291 1210 1270
1291 1200 1282
1212 1293 1281
1293 1186 1281
1294 1210 1205
1295 1183 1238
1295 1213 1265
1296 154 155
1296 1202 1275
1299 1196 1259
1300 1199 1246
1199 1300 1276
1188 1301 1190
1301 1188 1279
1196 1302 1259
1302 1211 1259
1302 1196 1262
1204 1306 1267
1306 1204 1258
1201 1307 1246
1212 1309 1293
1310 1197 1241
1311 1184 1247
1230 1312 1276
1312 1230 1267
1312 1199 1276
1186 1313 1252
1313 1220 1252
1313 1186 1293
1314 1212 1217
1316 175 176
177 1318 176
1212 1319 1309
1195 1320 1290
1210 1321 1279
1322 1209 1275
1209 1322 1250
1202 1322 1275
1323 1194 1222
1324 1224 1192
1324 1228 1303
1326 1220 1309
1215 1327 1278
1327 1215 1304
1328 1215 1254
180 1332 179
1217 1332 1314
1332 180 1314
1333 178 179
178 1333 1304
1335 1208 1286
1337 1193 1223
154 1338 153
1218 1338 1275
1185 1343 1263
1343 1185 1270
1227 1346 1229
1346 1227 1235
1346 1194 1229
156 1347 155
1318 1316 176
1207 1316 1318
1332 1333 179
1332 1217 1333
1347 1296 155
1202 1296 1347
1250 1261 1195
1266 1282 1200
1266 1237 1282
1265 1266 1200
1265 1241 1266
1315 1247 1184
1278 1254 1215
1244 1254 1278
1256 1307 1206
1256 1246 1307
1236 1322 1202
1236 1250 1322
1328 1255 1207
1254 1255 1328
1267 1340 1204
1256 1272 1330
1280 1292 1219
1280 1257 1292
1306 1274 1199
1258 1274 1306
1344 1264 1182
1277 1316 1207
1286 1343 1188
1286 1263 1343
1295 1269 1183
1265 1269 1295
1312 1306 1199
1267 1306 1312
1340 1271 1204
1343 1279 1188
1270 1279 1343
1291 1284 1200
1270 1284 1291
1296 1338 154
1296 1275 1338
1289 1300 1214
1289 1276 1300
1281 1327 1217
1281 1278 1327
1301 1279 1321
1313 1309 1220
1293 1309 1313
1318 1328 1207
1324 1317 1224
1303 1317 1324
1327 1333 1217
1327 1304 1333
1309 1319 1326
1229 1329 1227
1193 1337 1342
1229 1331 1191
1342 1188 1190
1188 1342 1286
1286 1342 1335
26 27 1297
1223 26 1297
170 171 1308
1222 170 1308
1336 163 164
1325 37 38
1304 177 178
1318 177 1304
1215 1328 1304
1318 1304 1328
181 1314 180
1314 1319 1212
163 1294 162
163 1336 1294
1321 1210 1294
1294 1336 1321
1285 1197 1253
160 1285 159
1197 1285 1237
1288 181 182
1314 181 1288
1314 1288 1319
1340 1208 1283
1283 1271 1340
1208 1335 1283
1297 1283 1335
37 1273 36
30 1271 29
1271 30 1251
1204 1271 1251
1331 1187 1191
1216 1299 1244
1299 1216 1196
1344 1182 1262
1196 1344 1262
1344 1196 1216
1339 1209 1290
1334 1190 1301
153 1341 152
1338 1341 153
1341 1225 152
1218 1341 1338
1208 1340 1263
1263 1230 1185
1267 1230 1263
1267 1263 1340
1219 1329 1280
1191 1329 1229
1329 1191 1280
1228 1339 1189
1339 1218 1209
1269 1200 1284
185 5 1233
1233 150 1234
1234 1192 1233
1233 5 150
1345 1232 1193
1346 1231 1194
1189 1303 1228
1189 1326 1303
1259 1349 1299
1350 1259 1211
1287 1350 1211
1259 1350 1239
1352 1249 1351
159 1353 158
1253 1353 1285
1353 159 1285
1354 157 158
1273 1355 1248
1357 1285 160
1285 1357 1237
1358 173 174
1359 39 1227
1329 1359 1227
1216 1361 1344
1339 1363 1218
1363 1341 1218
1236 1364 1250
1364 1261 1250
29 1365 28
1283 1365 1271
1365 29 1271
1367 182 183
1367 1317 1288
182 1367 1288
1368 1295 1238
1225 1369 1192
1331 1371 1187
1372 1310 1241
1310 1372 1198
1373 1272 1206
1249 1374 1362
1290 1375 1339
1375 1290 1320
1198 1376 1261
1294 1377 162
1377 1294 1205
1379 1273 37
1325 1379 37
1380 27 28
1380 1283 1297
27 1380 1297
1382 1221 1272
1211 1383 1260
1186 1384 1278
1384 1244 1278
1385 165 1226
1334 1385 1226
1386 1253 1197
1310 1386 1197
1387 1268 1245
1268 1387 1213
1203 1389 1277
1214 1390 1330
1390 1256 1330
1230 1391 1185
1391 1284 1185
24 1392 0
1392 167 0
1393 41 1
168 1393 1
1394 1311 1247
1257 1394 1247
1307 1395 1206
1187 1396 1191
1280 1396 1257
1396 1280 1191
1397 1251 31
1255 1398 1277
1398 1255 1356
1399 1262 1182
1268 1399 1182
175 1400 174
1400 175 1316
1401 1242 1236
1240 1402 1348
1403 1252 1220
1320 1403 1220
1404 1260 1383
1260 1404 1238
1369 1324 1192
1228 1324 1369
1404 1368 1238
1395 1362 1206
1249 1362 1395
1353 1354 158
1353 1253 1354
1394 1396 1187
1394 1257 1396
1371 1360 1187
1372 1376 1198
1400 1358 174
1365 1380 28
1365 1283 1380
1379 1355 1273
1292 1355 1379
1202 1401 1236
1202 1347 1401
1377 161 162
1379 1219 1292
1325 1219 1379
1224 1367 183
1224 1317 1367
1378 1348 1402
1356 1378 1398
1370 1374 1248
1370 1362 1374
1201 1395 1307
1395 1201 1351
1249 1395 1351
1390 1214 1300
1246 1390 1300
1390 1246 1256
1403 1320 1195
1297 1337 1223
1297 1335 1337
1335 1342 1337
1385 164 165
164 1385 1336
34 1352 33
1374 1249 1352
1359 38 39
38 1359 1325
1329 1219 1359
1359 1219 1325
1402 1381 1203
1315 1382 1247
1382 1315 1221
1242 1354 1253
1242 1401 1354
1388 1221 1315
1386 1242 1253
1198 1386 1310
1213 1368 1268
1368 1213 1295
1308 1323 1222
1308 1298 1323
1371 1323 1298
1331 1323 1371
1254 1356 1255
1356 1254 1244
1258 1397 1201
1397 1258 1251
1397 1351 1201
1272 1221 1330
1221 1287 1330
1388 1240 1239
1388 1315 1184
156 1401 1347
1363 1225 1341
1369 1225 1363
1363 1339 1228
1228 1369 1363
1389 1305 1358
1364 1198 1261
1386 1198 1364
1364 1236 1242
1242 1386 1364
1239 1348 1259
1348 1239 1240
1349 1259 1348
1317 1303 1288
1303 1319 1288
1326 1319 1303
1321 1336 1301
1301 1385 1334
1301 1336 1385
36 1273 1248
1302 1262 1383
1399 1383 1262
1302 1383 1211
1326 1189 1220
1320 1220 1189
1189 1375 1320
1375 1189 1339
1370 1248 1355
167 1345 166
166 1345 1226
1194 1331 1229
1194 1323 1331
157 1401 156
157 1354 1401
1248 35 36
171 1405 1308
1405 1298 1308
1406 1381 1243
1407 1287 1221
1388 1407 1221
1287 1407 1350
1408 1240 1388
1184 1408 1388
1409 1260 1214
1409 1330 1287
1330 1409 1214
1260 1409 1287
1407 1239 1350
1388 1239 1407
172 1405 171
1406 1203 1381
1203 1406 1389
1406 1305 1389
1349 1244 1299
1244 1349 1356
1392 24 1232
1392 1232 1345
167 1392 1345
1277 1400 1316
1389 1400 1277
1400 1389 1358
1391 1183 1269
1284 1391 1269
1334 1342 1190
1345 1193 1334
1342 1334 1193
1226 1345 1334
32 1397 31
32 1351 1397
1362 1373 1206
1370 1373 1362
1370 1366 1373
1399 1268 1368
1368 1383 1399
1404 1383 1368
1311 1408 1184
1408 1402 1240
1243 1408 1311
1243 1381 1408
1408 1381 1402
1393 168 1231
1393 1231 1346
41 1393 1235
1235 1393 1346
1277 1398 1203
1398 1402 1203
1378 1402 1398
1183 1391 1276
1391 1230 1276
1378 1349 1348
1349 1378 1356
1403 1195 1264
1360 1406 1243
1360 1371 1298
1298 1305 1360
1360 1305 1406
1382 1366 1247
1272 1373 1366
1366 1382 1272
1357 160 161
1357 161 1377
1357 1205 1237
1357 1377 1205
1245 1376 1372
1372 1387 1245
1213 1387 1265
1387 1241 1265
1241 1387 1372
1305 1410 1358
1411 1366 1370
1355 1411 1370
1311 1412 1243
1360 1412 1187
1412 1360 1243
1413 1245 1182
1264 1413 1182
1414 35 1248
1374 1414 1248
35 1414 34
1413 1376 1245
1261 1376 1413
1412 1394 1187
1311 1394 1412
1414 1352 34
1374 1352 1414
172 173 1410
173 1358 1410
1298 1405 1305
1410 1305 1405
172 1410 1405
32 33 1351
1352 1351 33
1403 1361 1252
1361 1264 1344
1361 1403 1264
1261 1415 1195
1264 1415 1413
1415 1264 1195
1415 1261 1413
1384 1186 1252
1384 1216 1244
1361 1216 1384
1252 1361 1384
1257 1411 1292
1247 1411 1257
1355 1292 1411
1411 1247 1366
1455 172 171
188 1458 187
1459 201 202
183 1460 184
1461 75 76
61 1471 60
203 1468 202
1467 186 187
1469 185 184
77 1470 76
1458 1467 187
1468 1459 202
76 1470 1461
1469 184 1460
1427 1469 1460
1468 1427 1459
1428 1467 1458
1444 1455 1472
169 1472 170
1437 1443 1422
1420 1466 1422
170 1455 171
170 1472 1455
67 1488 66
1492 1451 1440
1416 1506 1484
1441 1508 1498
1433 1511 1483
1435 1511 1499
1511 1435 1483
1453 1512 1445
1513 1442 1495
1515 1416 1484
1515 1448 1504
1517 1452 1447
1517 1418 1514
1417 1518 1481
1422 1519 1420
1519 1465 1420
1520 1446 1503
1522 1445 1489
1430 1522 1489
1447 1525 1517
1525 1418 1517
1526 181 180
1526 1436 1512
1417 1528 1479
1528 1417 1481
1433 1529 1501
1530 1431 1502
1531 1433 1483
1431 1532 1502
1532 1446 1502
1532 1431 1505
1435 1536 1483
1538 1418 1491
1439 1539 1501
1539 1433 1501
1447 1540 1525
1541 1440 1451
1542 1419 1485
1418 1543 1491
1543 1456 1491
1543 1418 1525
1544 1447 1452
1547 193 194
195 1549 194
1447 1550 1540
1430 1551 1522
1552 1445 1512
1445 1552 1489
1436 1552 1512
1553 1428 1458
1554 1459 1427
1554 1463 1533
1556 1456 1540
1450 1557 1514
1557 1450 1534
1558 1450 1494
198 1561 197
1452 1561 1544
1561 198 1544
1562 196 197
196 1562 1534
172 1563 173
1563 1451 173
1565 1440 1541
1422 1566 1437
1566 1422 1466
181 1567 182
1453 1567 1512
1461 1572 1464
1572 1461 1470
1572 1428 1464
1549 1547 194
1442 1547 1549
1561 1562 197
1561 1452 1562
1566 1426 1437
1563 1541 1451
1546 1443 1437
1545 1485 1419
1490 1528 1448
1490 1479 1528
1514 1494 1450
1480 1494 1514
1481 1503 1504
1498 1536 1441
1498 1483 1536
1497 1506 1430
1497 1484 1506
1515 1493 1448
1484 1493 1515
1473 1552 1436
1473 1489 1552
1491 1500 1538
1558 1495 1442
1494 1495 1558
1516 1524 1454
1516 1496 1524
1498 1508 1564
1539 1511 1433
1499 1511 1539
1571 1506 1416
1500 1506 1571
1513 1547 1442
1515 1505 1416
1526 1567 181
1526 1512 1567
1518 1531 1449
1517 1557 1452
1517 1514 1557
1543 1540 1456
1525 1540 1543
1549 1558 1442
1554 1548 1459
1533 1548 1554
1557 1562 1452
1557 1534 1562
1540 1550 1556
1565 1570 1425
1565 1541 1570
1464 1559 1461
1464 1560 1424
1462 1472 1429
1444 1472 1462
1425 1570 1444
1570 1455 1444
169 1429 1472
1440 1565 1482
1466 1565 1425
188 189 1537
1458 188 1537
1555 73 74
1534 195 196
1549 195 1534
1450 1558 1534
1549 1534 1558
199 1544 198
1544 1550 1447
1443 1519 1422
1523 67 68
1521 199 200
1544 199 1521
1544 1521 1550
73 1509 72
1507 64 65
1560 1421 1424
1571 1416 1505
1431 1571 1505
182 1569 183
1567 1569 182
1569 1460 183
1453 1569 1567
1479 1465 1417
1454 1559 1516
1424 1559 1464
1559 1424 1516
1529 1417 1465
1518 1417 1529
1433 1531 1529
1518 1529 1531
1463 1568 1423
1568 1453 1445
203 5 1468
1468 185 1469
1469 1427 1468
1468 5 185
1572 1467 1428
1423 1533 1463
1423 1556 1533
1574 1476 1573
1476 1575 1573
1577 1510 1573
1476 1578 1576
1578 1476 1574
1578 1473 1576
1492 1579 1451
1443 1581 1439
1581 1443 1546
1502 1583 1530
1523 1584 1435
1585 1502 1446
1520 1585 1446
1502 1585 1474
1586 1487 1584
1509 1588 1486
1590 1430 1506
1500 1590 1506
1591 191 192
1592 75 1461
1559 1592 1461
1500 1594 1538
1594 1500 1571
1596 1481 1518
1481 1596 1503
1449 1596 1518
1473 1597 1489
69 1599 68
1523 1599 1584
1599 1523 68
1568 1600 1453
1600 1569 1453
1604 200 201
1604 1548 1521
200 1604 1521
1460 1605 1427
1560 1606 1421
1608 1439 1581
1608 1507 1582
1507 1608 1581
1487 1609 1598
1610 1508 1441
1488 1611 1582
1611 1488 1499
1432 1612 1497
1612 1484 1497
1615 1509 73
1555 1615 73
1448 1616 1504
1481 1616 1528
1616 1481 1504
1616 1448 1528
1617 1510 1577
1619 1457 1508
1507 1620 64
1465 1621 1529
1501 1621 1519
1621 1501 1529
1621 1465 1519
1420 1622 1466
1565 1622 1482
1622 1565 1466
1418 1623 1514
1480 1623 1538
1623 1480 1514
1623 1418 1538
1625 1488 67
1523 1625 67
1438 1627 1513
1628 77 3
186 1628 3
1629 1542 1485
1496 1629 1485
1630 1510 1587
1510 1630 1573
1421 1631 1424
1516 1631 1496
1631 1516 1424
1522 1632 1445
1632 1568 1445
1495 1633 1513
1633 1495 1589
1536 1634 1441
193 1635 192
1635 193 1547
1449 1636 1564
1636 1498 1564
1475 1637 1580
1605 1554 1427
1463 1554 1605
1634 1598 1441
1487 1598 1634
1629 1631 1421
1629 1496 1631
1606 1593 1421
1611 1539 1439
1499 1539 1611
1635 1591 192
1615 1588 1509
1524 1588 1615
1615 1454 1524
1555 1454 1615
173 1579 174
173 1451 1579
1459 1604 201
1459 1548 1604
1574 1630 1432
1574 1573 1630
1577 1575 1478
1573 1575 1577
1613 1580 1637
1608 1611 1439
1608 1582 1611
1586 1599 69
1586 1584 1599
1595 1617 1434
1589 1613 1633
1607 1609 1486
1607 1598 1609
1435 1634 1536
1634 1435 1584
1487 1634 1584
1620 1507 1581
1546 1620 1581
1636 1449 1531
1483 1636 1531
1636 1483 1498
1624 178 177
178 1624 1576
1624 1476 1576
176 1624 177
1476 1624 1575
1614 176 175
1614 1478 1575
1478 1614 1492
1579 1492 1614
70 1586 69
1609 1487 1586
1592 74 75
74 1592 1555
1559 1454 1592
1592 1454 1555
1434 1601 1482
1440 1601 1492
1601 1440 1482
1637 1618 1438
1545 1619 1485
1619 1545 1457
1626 1457 1545
1508 1457 1564
1457 1520 1564
1537 1553 1458
1537 1527 1553
1606 1553 1527
1560 1553 1606
1494 1589 1495
1589 1494 1480
1499 1625 1435
1625 1499 1488
1625 1523 1435
1630 1612 1432
1493 1612 1587
1612 1493 1484
1587 1612 1630
1626 1475 1474
1626 1545 1419
1600 1460 1569
1605 1460 1600
1600 1568 1463
1463 1605 1600
1632 1522 1551
1627 1535 1591
1590 1500 1491
1590 1551 1430
1456 1551 1590
1456 1590 1491
66 1582 65
1582 66 1488
1582 1507 65
1474 1580 1502
1580 1474 1475
1583 1502 1580
1595 1490 1587
1510 1617 1587
1595 1587 1617
1548 1533 1521
1533 1550 1521
1556 1550 1533
1602 1434 1482
1595 1434 1602
1602 1479 1490
1490 1595 1602
72 1509 1486
1455 1563 172
1455 1570 1563
1563 1570 1541
1479 1602 1465
1566 1425 1444
1566 1466 1425
1566 1462 1426
1566 1444 1462
1617 1601 1434
1478 1601 1577
1601 1478 1492
1577 1601 1617
1607 1486 1588
1597 1432 1497
1432 1597 1574
1578 1597 1473
1578 1574 1597
1556 1423 1456
1551 1456 1423
1423 1632 1551
1632 1423 1568
1428 1560 1464
1428 1553 1560
1579 175 174
1614 175 1579
1486 71 72
1638 176 1614
1638 1575 1624
1575 1638 1614
176 1638 1624
1639 1420 1465
1639 1602 1482
1602 1639 1465
189 1641 1537
1641 1527 1537
1642 1520 1457
1626 1642 1457
1520 1642 1585
1643 1618 1477
1644 1475 1626
1419 1644 1626
1646 1490 1448
1646 1493 1587
1493 1646 1448
1490 1646 1587
1489 1647 1430
1497 1647 1597
1647 1497 1430
1647 1489 1597
1648 179 178
1576 1648 178
1649 1443 1439
1649 1501 1519
1501 1649 1439
1443 1649 1519
1650 1505 1515
1504 1650 1515
1639 1622 1420
1482 1622 1639
1532 1650 1446
1532 1505 1650
1642 1474 1585
1626 1474 1642
190 1641 189
1643 1438 1618
1438 1643 1627
1643 1535 1627
1645 1437 1426
1437 1645 1546
1640 61 62
61 1640 1471
1583 1480 1530
1480 1583 1589
1513 1635 1547
1627 1635 1513
1635 1627 1591
1598 1610 1441
1607 1610 1598
1607 1603 1610
1530 1594 1431
1571 1431 1594
1538 1594 1480
1594 1530 1480
1542 1644 1419
1644 1637 1475
1477 1644 1542
1477 1618 1644
1644 1618 1637
1628 186 1467
1628 1467 1572
77 1628 1470
1470 1628 1572
1513 1633 1438
1633 1637 1438
1613 1637 1633
1613 1583 1580
1583 1613 1589
179 1648 180
1436 1526 1648
1436 1648 1473
1648 1526 180
1648 1576 1473
1593 1643 1477
1593 1606 1527
1527 1535 1593
1593 1535 1643
1619 1603 1485
1508 1610 1603
1603 1619 1508
1535 1651 1591
1652 1603 1607
1588 1652 1607
1542 1653 1477
1593 1653 1421
1653 1593 1477
1654 71 1486
1609 1654 1486
71 1654 70
1446 1655 1503
1504 1655 1650
1655 1504 1503
1655 1446 1650
1656 1429 1471
1640 1656 1471
1653 1629 1421
1542 1629 1653
1654 1586 70
1609 1586 1654
190 191 1651
191 1591 1651
1527 1641 1535
1651 1535 1641
190 1651 1641
1462 1656 1426
1656 1462 1429
1656 1640 1426
1620 63 64
1546 1645 1620
1645 1426 1640
1640 62 1645
1645 62 63
1620 1645 63
1657 1564 1520
1564 1657 1449
1503 1657 1520
1657 1596 1449
1503 1596 1657
1496 1652 1524
1485 1652 1496
1588 1524 1652
1652 1485 1603
60 1658 1
1658 168 1
1471 1658 60
1658 169 168
1658 1471 1429
1429 169 1658
206 1696 205
1697 219 220
201 1698 202
1699 111 112
221 1707 220
1706 204 205
1708 203 202
113 1709 112
1696 1706 205
1707 1697 220
112 1709 1699
1708 202 1698
1668 1708 1698
1707 1668 1697
1669 1706 1696
1705 96 97
1702 98 99
1703 188 187
189 1690 190
103 1727 102
1686 1729 1720
1684 1742 1741
1660 1744 1722
1679 1748 1735
1750 1660 1722
1750 1686 1741
1674 1751 1721
1676 1751 1736
1751 1676 1721
1692 1752 1682
1753 1680 1731
1756 1691 1685
1756 1662 1754
1675 1757 1723
1661 1760 1719
1659 1761 1739
1763 1682 1726
1671 1763 1726
1685 1766 1756
1766 1662 1756
1767 199 198
1767 1677 1752
1770 1672 1738
1661 1771 1717
1771 1661 1719
1772 1674 1721
1683 1773 1690
1675 1774 1757
1672 1775 1738
1684 1775 1742
1775 1672 1742
1676 1780 1721
1782 1662 1728
1685 1783 1766
1665 1784 1758
1785 1663 1724
1662 1786 1728
1786 1694 1728
1786 1662 1766
191 1787 192
1787 191 1773
1788 1685 1691
1790 211 212
213 1792 212
1685 1793 1783
1671 1794 1763
1795 1687 1745
1795 1681 1758
1796 1682 1752
1682 1796 1726
1677 1796 1752
1797 1669 1696
1798 1697 1668
1798 1700 1776
1800 1694 1783
1689 1801 1754
1801 1689 1777
1802 1689 1730
216 1805 215
1691 1805 1788
1805 216 1788
1806 193 192
1703 1807 188
1808 214 215
214 1808 1777
1688 1809 1739
1809 1659 1739
1810 1705 97
1705 1810 1670
199 1811 200
1692 1811 1752
1687 1814 1670
1815 1687 1670
1815 1702 1745
1687 1815 1745
1699 1818 1701
1818 1699 1709
1818 1669 1701
1703 1819 1670
1819 1705 1670
1683 1820 1773
1820 1683 1757
1787 1806 192
1792 1790 212
1680 1790 1792
190 1773 191
190 1690 1773
1805 1808 215
1805 1691 1808
1810 1815 1670
1810 1702 1815
1687 1784 1814
98 1810 97
98 1702 1810
1785 1732 1663
1716 1732 1785
1720 1771 1686
1789 1724 1663
1754 1730 1689
1718 1730 1754
1735 1780 1679
1735 1721 1780
1734 1744 1671
1734 1722 1744
1750 1729 1686
1722 1729 1750
1711 1796 1677
1711 1726 1796
1728 1737 1782
1802 1731 1680
1730 1731 1802
1755 1765 1693
1755 1733 1765
1809 1748 1659
1735 1748 1809
1779 1751 1674
1736 1751 1779
1816 1744 1660
1737 1744 1816
1769 1779 1674
1753 1790 1680
1750 1742 1660
1741 1742 1750
1767 1811 199
1767 1752 1811
1760 1772 1688
1756 1801 1691
1756 1754 1801
1757 1774 1820
1795 1784 1687
1758 1784 1795
1786 1783 1694
1766 1783 1786
1787 1773 1820
1792 1802 1680
1798 1791 1697
1776 1791 1798
1801 1808 1691
1801 1777 1808
1783 1793 1800
1701 1803 1699
1701 1804 1667
206 207 1781
1696 206 1781
1799 109 110
1777 213 214
1792 213 1777
1689 1802 1777
1792 1777 1802
217 1788 216
1788 1793 1685
1764 103 104
1762 217 218
1788 217 1762
1788 1762 1793
1795 1759 1681
1745 1759 1795
109 1749 108
102 1746 101
1746 102 1727
1804 1664 1667
1816 1660 1742
1672 1816 1742
1748 1695 1659
1747 1757 1683
1758 1681 1740
1819 1703 187
200 1813 201
1811 1813 200
1813 1698 201
1692 1813 1811
1695 1761 1659
1693 1803 1755
1667 1803 1701
1803 1667 1755
1717 1704 1661
1700 1812 1666
1812 1692 1682
1674 1772 1769
1760 1769 1772
221 5 1707
1707 203 1708
1708 1668 1707
1707 5 203
1818 1706 1669
1666 1776 1700
1666 1800 1776
1821 1743 1673
1714 1822 1821
1714 1824 1823
1824 1711 1823
1825 1715 1822
1715 1825 1806
1717 1827 1723
1827 1675 1723
1738 1828 1770
1829 1717 1723
1717 1829 1704
1670 1830 1703
1710 1830 1814
1830 1670 1814
1831 1743 1821
1749 1833 1725
1675 1835 1774
1715 1835 1831
1835 1715 1774
1836 99 100
1836 1759 1745
1837 1740 1681
1838 1671 1744
1737 1838 1744
1839 209 210
1840 111 1699
1803 1840 1699
1841 106 107
1842 1716 1785
1664 1842 1785
1843 1675 1827
1743 1844 1673
1737 1845 1782
1845 1737 1816
1759 1847 1681
1711 1848 1726
105 1849 104
1849 1764 104
1850 1688 1739
1850 1719 1760
1688 1850 1760
1812 1851 1692
1851 1813 1692
1852 1747 1665
1853 1748 1679
1854 218 219
1854 1791 1762
218 1854 1762
1698 1856 1668
1804 1857 1664
1673 1859 1734
1859 1722 1734
1860 1695 1748
1862 1749 109
1799 1862 109
1727 1863 1746
1758 1864 1665
1716 1865 1732
1736 1866 1676
1866 1764 1676
1741 1867 1684
1686 1868 1741
1719 1868 1771
1868 1686 1771
1869 1740 1837
1779 1869 1837
1662 1871 1754
1718 1871 1782
1871 1718 1754
1871 1662 1782
1676 1872 1780
101 1873 100
1873 101 1746
1678 1874 1753
1876 1743 1831
1878 113 4
204 1878 4
1879 1785 1724
1785 1879 1664
1733 1879 1724
1880 1761 1712
1738 1880 1712
1664 1881 1667
1755 1881 1733
1881 1755 1667
1763 1882 1682
1882 1812 1682
1688 1883 1809
1883 1735 1809
1731 1884 1753
1884 1731 1834
1885 1661 1704
1885 1769 1760
1769 1885 1704
1661 1885 1760
211 1886 210
1886 211 1790
1887 1717 1771
1720 1887 1771
1717 1887 1827
1713 1888 1826
1852 1665 1864
1856 1798 1668
1700 1798 1856
1829 1723 1852
1879 1881 1664
1879 1733 1881
1857 1842 1664
1850 1867 1719
1850 1739 1867
1867 1868 1719
1867 1741 1868
1836 1702 99
1745 1702 1836
1847 1746 1863
1886 1839 210
1873 1836 100
1759 1836 1873
1870 1665 1747
1862 1833 1749
1765 1833 1862
1862 1693 1765
1799 1693 1862
1847 1873 1746
1847 1759 1873
1870 1817 1710
1830 1807 1703
1710 1807 1830
1697 1854 219
1697 1791 1854
1831 1822 1715
1821 1822 1831
1861 1826 1888
1843 1887 1720
1843 1827 1887
1858 1841 1725
1832 1849 105
1876 1835 1675
1831 1835 1876
1843 1876 1675
1834 1861 1884
1855 1858 1725
1855 1846 1858
1872 1679 1780
1846 1679 1872
1883 1688 1772
1721 1883 1772
1883 1721 1735
194 193 1825
193 1806 1825
1877 196 195
196 1877 1823
1877 1714 1823
194 1877 195
1825 1877 194
1714 1877 1822
1822 1877 1825
106 1832 105
106 1841 1832
1832 1841 1858
1840 110 111
110 1840 1799
1803 1693 1840
1840 1693 1799
1732 1888 1713
1732 1865 1888
1888 1865 1678
1789 1860 1724
1860 1789 1695
1863 1736 1779
1736 1863 1727
1779 1837 1863
1875 1695 1789
1866 1727 103
1727 1866 1736
1764 1866 103
1781 1797 1696
1781 1768 1797
1857 1797 1768
1804 1797 1857
1730 1834 1731
1834 1730 1718
188 1807 189
189 1807 1690
1817 1690 1807
1710 1817 1807
1875 1713 1712
1732 1713 1875
1875 1789 1663
1732 1875 1663
1851 1698 1813
1856 1698 1851
1851 1812 1700
1700 1856 1851
1882 1763 1794
1859 1673 1844
1729 1859 1844
1859 1729 1722
1874 1778 1839
1838 1737 1728
1838 1794 1671
1694 1794 1838
1694 1838 1728
1844 1720 1729
1843 1720 1844
1743 1876 1844
1843 1844 1876
1712 1826 1738
1826 1712 1713
1828 1738 1826
1817 1683 1690
1683 1817 1747
1817 1870 1747
1791 1776 1762
1776 1793 1762
1800 1793 1776
1740 1864 1758
108 1749 1725
1740 1869 1864
1769 1869 1779
1704 1869 1769
1869 1704 1864
187 186 1819
1800 1666 1694
1794 1694 1666
1666 1882 1794
1882 1666 1812
1855 1725 1833
1764 1872 1676
1764 1849 1872
1832 1872 1849
1848 1673 1734
1824 1848 1711
1880 1775 1684
1738 1775 1880
1669 1804 1701
1669 1797 1804
1725 107 108
1841 107 1725
207 1889 1781
1889 1768 1781
1890 1865 1716
1891 1723 1757
1891 1747 1852
1747 1891 1757
1723 1891 1852
1726 1892 1671
1734 1892 1848
1892 1734 1671
1892 1726 1848
1739 1893 1867
1893 1739 1761
1893 1684 1867
96 1894 3
1894 186 3
1895 1761 1695
1895 1875 1712
1875 1895 1695
1761 1895 1712
1896 197 196
1823 1896 196
1893 1880 1684
1761 1880 1893
208 1889 207
1890 1678 1865
1678 1890 1874
1890 1778 1874
1829 1864 1704
1852 1864 1829
186 1894 1819
1894 1705 1819
1705 1894 96
1847 1837 1681
1847 1863 1837
1828 1718 1770
1718 1828 1834
1753 1886 1790
1874 1886 1753
1886 1874 1839
1784 1665 1870
1710 1814 1870
1814 1784 1870
1770 1845 1672
1816 1672 1845
1782 1845 1718
1845 1770 1718
1861 1828 1826
1828 1861 1834
1806 1774 1715
1820 1774 1806
1787 1820 1806
1878 204 1706
1878 1706 1818
113 1878 1709
1709 1878 1818
1846 1853 1679
1855 1853 1846
1753 1884 1678
1884 1888 1678
1861 1888 1884
1858 1846 1832
1832 1846 1872
197 1896 198
1677 1767 1896
1677 1896 1711
1896 1767 198
1896 1823 1711
1842 1890 1716
1842 1857 1768
1768 1778 1842
1842 1778 1890
1673 1824 1821
1673 1848 1824
1824 1714 1821
1778 1897 1839
1833 1898 1855
1899 1748 1853
1748 1899 1860
208 209 1897
209 1839 1897
1768 1889 1778
1897 1778 1889
208 1897 1889
1733 1898 1765
1724 1898 1733
1833 1765 1898
1855 1899 1853
1898 1899 1855
1860 1899 1724
1898 1724 1899
165 1937 166
1938 152 151
219 1939 220
1940 147 148
1910 1946 1922
1948 167 166
150 1949 151
149 1951 148
1950 221 220
1922 1946 1947
210 1924 211
1929 1922 1944
1937 1948 166
1949 1938 151
148 1951 1940
1950 220 1939
1909 1950 1939
1949 1909 1938
1908 1948 1937
134 1943 133
1946 1910 1943
1962 1919 1953
1927 1969 1959
1973 1919 1962
1919 1973 1915
1900 1980 1961
1982 1901 1981
1915 1983 1960
1916 1983 1973
1983 1916 1960
1983 1915 1973
1920 1984 1972
1986 1900 1961
1986 1927 1977
1932 1988 1923
1989 1921 1970
1992 1931 1926
1992 1903 1990
1994 1925 1978
1997 1923 1966
1911 1997 1966
1926 2000 1992
2000 1903 1992
2001 217 216
2001 1917 1988
2004 1912 1976
2005 1915 1960
1915 2005 1981
1934 2006 1995
1912 2007 1976
2007 1925 1976
2007 1912 1979
1916 2012 1960
2014 1903 1967
1926 2015 2000
2016 1902 1963
1903 2017 1967
2017 1935 1967
2017 1903 2000
208 2018 209
2019 1926 1931
2021 160 159
158 2023 159
1926 2024 2015
1911 2025 1997
2026 1929 1944
2026 1905 1995
2027 1923 1988
1923 2027 1966
1917 2027 1988
2028 1908 1937
2029 1938 1909
2029 1941 2008
2031 1935 2015
2032 1943 134
1943 2032 1946
1930 2033 1990
2033 1930 2009
2034 1930 1968
1928 2036 1978
155 2039 156
1931 2039 2019
2039 155 2019
2041 157 156
157 2041 2009
1901 2043 1981
217 2044 218
1932 2044 1988
2046 1945 1905
2048 1934 1985
1940 2050 1942
2050 1940 1951
2050 1908 1942
215 2051 216
2023 2021 159
1921 2021 2023
2039 2041 156
2039 1931 2041
2026 2046 1905
2026 1944 2046
2051 2001 216
1917 2001 2051
2020 1963 1902
1990 1968 1930
1958 1968 1990
1982 2003 1901
1977 1978 1925
1972 2012 1920
1972 1960 2012
1975 1980 1911
1975 1961 1980
1986 1969 1927
1961 1969 1986
1952 2027 1917
1952 1966 2027
1967 1974 2014
2034 1970 1921
1968 1970 2034
1991 1999 1933
1991 1971 1999
1972 1984 2036
2049 1980 1900
1974 1980 2049
1986 1979 1900
1994 1978 2036
1989 2021 1921
1995 1985 1934
1982 2005 1928
1982 1981 2005
2001 2044 217
2001 1988 2044
1992 2033 1931
1992 1990 2033
2026 2006 1929
1995 2006 2026
2017 2015 1935
2000 2015 2017
2018 2006 1934
2023 2034 1921
2029 2022 1938
2008 2022 2029
2033 2041 1931
2033 2009 2041
2015 2024 2031
1942 2035 1940
1942 2038 1906
2048 210 209
210 2048 1924
2018 1934 2048
2018 2048 209
1917 2051 1952
165 164 2013
1937 165 2013
2030 145 146
2009 158 157
2023 158 2009
1930 2034 2009
2023 2009 2034
154 2019 155
2019 2024 1926
1998 139 140
1996 154 153
2019 154 1996
2019 1996 2024
145 1987 144
2038 1904 1906
2049 1900 1979
1912 2049 1979
1947 1913 1944
2046 1944 1913
1947 1944 1922
1947 1946 2037
2037 1946 2032
218 2047 219
2044 2047 218
2047 1939 219
1932 2047 2044
1933 2035 1991
1906 2035 1942
2035 1906 1991
2040 208 207
1929 2006 2040
2018 208 2040
2040 2006 2018
1995 1905 1993
1993 1985 1995
1941 2045 1907
2045 1932 1923
5 1949 150
1949 221 1950
1950 1909 1949
5 221 1949
2050 1948 1908
1907 2008 1941
1907 2031 2008
2051 2053 1952
1962 2057 1973
2058 1962 1953
2010 2058 1953
1976 2059 2004
2061 1965 2052
2062 1976 1925
1994 2062 1925
1976 2062 1954
1987 2063 1964
2065 1911 1980
1974 2065 1980
2066 162 161
2067 211 1924
2068 1928 1978
1928 2068 1982
2069 147 1940
2035 2069 1940
1974 2071 2014
2071 1974 2049
2045 2073 1932
2073 2047 1932
2076 153 152
2076 2022 1996
153 2076 1996
1939 2077 1909
2038 2079 1904
2081 1998 2052
1965 2082 2072
2083 1984 1920
1914 2084 1975
2084 1961 1975
1959 2085 1927
2085 2003 1927
2087 1987 145
2030 2087 145
2088 1943 1910
2090 1936 1984
1927 2091 1977
2091 1927 2003
1928 2092 2036
2092 1972 2036
1903 2093 1990
1958 2093 2014
2093 1958 1990
2093 1903 2014
1918 2096 1989
2012 2097 1920
2098 149 0
167 2098 0
2099 2016 1963
1971 2099 1963
2100 1913 1947
2037 2100 1947
1904 2101 1906
1991 2101 1971
2101 1991 1906
1970 2102 1989
2102 1970 2064
160 2103 161
2103 160 2021
1997 2105 1923
2105 2045 1923
1955 2106 2055
2077 2029 1909
1941 2029 2077
2097 2072 1920
1965 2072 2097
2099 2101 1904
2099 1971 2101
2079 2070 1904
2103 2066 161
1922 2075 1910
2087 2063 1987
1999 2063 2087
2087 1933 1999
2030 1933 2087
1938 2076 152
1938 2022 2076
2086 2055 2106
2064 2086 2102
2067 212 211
2078 2082 1964
2078 2072 2082
1916 2097 2012
2081 2097 1916
1965 2097 2052
2081 2052 2097
2058 137 138
2080 1962 2058
138 2080 2058
1929 2075 1922
1929 2040 2075
2092 1928 2005
1960 2092 2005
2092 1960 1972
2104 214 213
214 2104 2053
2104 1956 2053
212 2104 213
2054 1956 2104
212 2067 2104
2054 2104 2067
139 2080 138
2080 139 1998
2057 1962 2080
1998 2057 2080
142 2061 141
2082 1965 2061
2069 146 147
146 2069 2030
2035 1933 2069
2069 1933 2030
2106 2089 1918
2020 2090 1963
2090 2020 1936
2094 1936 2020
2013 2028 1937
2013 2002 2028
2079 2028 2002
2038 2028 2079
1968 2064 1970
2064 1968 1958
1984 1936 2036
1936 1994 2036
1998 140 2052
2094 1955 1954
2094 2020 1902
2073 1939 2047
2077 1939 2073
2073 2045 1941
1941 2077 2073
1973 2081 1916
2081 1973 2057
1998 2081 2057
2084 1969 1961
2105 1997 2025
2096 2011 2066
2065 1974 1967
2065 2025 1911
1935 2025 2065
1935 2065 1967
1954 2055 1976
2055 1954 1955
2059 1976 2055
2022 2008 1996
2008 2024 1996
2031 2024 2008
2043 2042 1981
144 1987 1964
2031 1907 1935
2025 1935 1907
1907 2105 2025
2105 1907 2045
2078 1964 2063
2053 215 214
2051 215 2053
1908 2038 1942
1908 2028 2038
141 2052 140
141 2061 2052
1964 143 144
164 2108 2013
2108 2002 2013
2109 1994 1936
2094 2109 1936
1994 2109 2062
2110 2089 1957
2111 1955 2094
1902 2111 2094
1966 2112 1911
2112 1975 1911
132 2115 4
2115 204 4
2109 1954 2062
2094 1954 2109
163 2108 164
2110 1918 2089
1918 2110 2096
2110 2011 2096
2060 2067 1924
2056 2054 2060
2054 2067 2060
2107 206 205
2075 2107 1910
2107 2075 206
1913 2100 2095
2059 1958 2004
1958 2059 2064
1989 2103 2021
2096 2103 1989
2103 2096 2066
2100 2010 1953
2037 2010 2100
2072 2083 1920
2078 2083 2072
2078 2074 2083
1910 2107 2088
2004 2071 1912
2049 1912 2071
2014 2071 1958
2071 2004 1958
2016 2111 1902
2111 2106 1955
1957 2111 2016
1957 2089 2111
2111 2089 2106
1977 2068 1978
2091 2068 1977
1982 2068 2003
2068 2091 2003
2098 167 1948
2098 1948 2050
149 2098 1951
1951 2098 2050
1989 2102 1918
2102 2106 1918
2086 2106 2102
2086 2059 2055
2059 2086 2064
2070 2110 1957
2070 2079 2002
2002 2011 2070
2070 2011 2110
2090 2074 1963
1984 2083 2074
2074 2090 1984
2048 2116 1924
2116 2060 1924
2116 2048 1985
2117 1953 1919
2117 2095 2100
1953 2117 2100
2011 2119 2066
2120 2074 2078
2063 2120 2078
2121 2043 1901
2016 2123 1957
2070 2123 1904
2123 2070 1957
2124 143 1964
2082 2124 1964
143 2124 142
2125 1977 1925
2125 1979 1986
1977 2125 1986
133 2126 132
2088 2126 1943
2126 133 1943
2128 2046 1913
2095 2128 1913
2046 2128 1945
2129 205 204
2129 2088 2107
205 2129 2107
2127 2085 1959
2007 2125 1925
2007 1979 2125
2123 2099 1904
2016 2099 2123
2126 2115 132
2088 2115 2126
2115 2129 204
2115 2088 2129
2056 2060 2118
2124 2061 142
2082 2061 2124
163 162 2119
162 2066 2119
2002 2108 2011
2119 2011 2108
163 2119 2108
2042 2117 1919
2042 2095 2117
1993 2118 1985
2118 2060 2116
2118 2116 1985
1993 2113 2127
2118 1993 2127
2130 135 136
2127 2131 2118
2131 2056 2118
2132 207 206
2132 2075 2040
2075 2132 206
207 2132 2040
2127 1959 2131
2037 2130 2010
2130 2037 2032
2128 2043 1945
2043 2128 2042
2128 2095 2042
2122 1952 2053
1956 2122 2053
1905 1945 2113
1993 1905 2113
2113 1945 2043
2043 2121 2113
1971 2120 1999
1963 2120 1971
2063 1999 2120
2120 1963 2074
2003 2121 1901
2003 2085 2121
2121 2085 2127
2127 2113 2121
135 2032 134
135 2130 2032
2133 137 2058
2010 2133 2058
137 2133 136
2134 1915 1981
2134 2042 1919
2042 2134 1981
1915 2134 1919
2133 2130 136
2010 2130 2133
1952 2112 1966
2122 2112 1952
2112 1914 1975
2112 2122 1914
2084 1914 2114
2056 2131 2114
2135 1969 2084
2114 2135 2084
2136 2054 2056
2114 2136 2056
2136 1956 2054
1956 2136 2122
2135 1959 1969
1959 2135 2131
2135 2114 2131
2136 2114 1914
2122 2136 1914
