1	0	0
0	1	0
0	0	1
-1	6.12324e-17	0
-1.22465e-16	-1	0
0	0	-1
0.074739525	0	0.997203
0.149050625	0	0.9888295
0.222528225	0	0.97492625
0.2947615	0	0.955571
0.365346	0	0.93087175
0.43388775	0	0.900967
0.500003	0	0.8660235
0.56332225	0	0.82623725
0.623491	0	0.7818305
0.680173	0	0.7330515
0.7330515	0	0.68017325
0.7818305	0	0.623491
0.82623725	0	0.563322
0.86602375	0	0.500003
0.900967	0	0.43388775
0.93087175	0	0.36534625
0.955571	0	0.29476125
0.97492625	0	0.222528225
0.98882975	0	0.149050625
0.99720325	0	0.074739525
0.997203	0.074739525	0
0.9888295	0.149050625	0
0.97492625	0.222528225	0
0.955571	0.2947615	0
0.93087175	0.365346	0
0.900967	0.43388775	0
0.8660235	0.500003	0
0.82623725	0.56332225	0
0.7818305	0.623491	0
0.7330515	0.680173	0
0.68017325	0.7330515	0
0.623491	0.7818305	0
0.563322	0.82623725	0
0.500003	0.86602375	0
0.43388775	0.900967	0
0.36534625	0.93087175	0
0.29476125	0.955571	0
0.222528225	0.97492625	0
0.149050625	0.98882975	0
0.074739525	0.99720325	0
0	0.997203	0.074739525
0	0.9888295	0.149050625
0	0.97492625	0.222528225
0	0.955571	0.2947615
0	0.93087175	0.365346
0	0.900967	0.43388775
0	0.8660235	0.500003
0	0.82623725	0.56332225
0	0.7818305	0.623491
0	0.7330515	0.680173
0	0.68017325	0.7330515
0	0.623491	0.7818305
0	0.563322	0.82623725
0	0.500003	0.86602375
0	0.43388775	0.900967
0	0.36534625	0.93087175
0	0.29476125	0.955571
0	0.222528225	0.97492625
0	0.149050625	0.98882975
0	0.074739525	0.99720325
-0.074739525	0.997203	0
-0.149050625	0.9888295	0
-0.222528225	0.97492625	0
-0.2947615	0.955571	0
-0.365346	0.93087175	0
-0.43388775	0.900967	0
-0.500003	0.8660235	0
-0.56332225	0.82623725	0
-0.623491	0.7818305	0
-0.680173	0.7330515	0
-0.7330515	0.68017325	0
-0.7818305	0.623491	0
-0.82623725	0.563322	0
-0.86602375	0.500003	0
-0.900967	0.43388775	0
-0.93087175	0.36534625	0
-0.955571	0.29476125	0
-0.97492625	0.222528225	0
-0.98882975	0.149050625	0
-0.99720325	0.074739525	0
-0.997203	6.10611e-17	0.074739525
-0.9888295	6.05484e-17	0.149050625
-0.97492625	5.9697e-17	0.222528225
-0.955571	5.85119e-17	0.2947615
-0.93087175	5.69995e-17	0.365346
-0.900967	5.51683e-17	0.43388775
-0.8660235	5.30287e-17	0.500003
-0.82623725	5.05925e-17	0.56332225
-0.7818305	4.78733e-17	0.623491
-0.7330515	4.48865e-17	0.680173
-0.68017325	4.16486e-17	0.7330515
-0.623491	3.81778e-17	0.7818305
-0.563322	3.44935e-17	0.82623725
-0.500003	3.06164e-17	0.86602375
-0.43388775	2.6568e-17	0.900967
-0.36534625	2.2371e-17	0.93087175
-0.29476125	1.80489e-17	0.955571
-0.222528225	1.36259e-17	0.97492625
-0.149050625	9.12672e-18	0.98882975
-0.074739525	4.57648e-18	0.99720325
-0.997203	-0.074739525	0
-0.9888295	-0.149050625	0
-0.97492625	-0.222528225	0
-0.955571	-0.2947615	0
-0.93087175	-0.365346	0
-0.900967	-0.43388775	0
-0.8660235	-0.500003	0
-0.82623725	-0.56332225	0
-0.7818305	-0.623491	0
-0.7330515	-0.680173	0
-0.68017325	-0.7330515	0
-0.623491	-0.7818305	0
-0.563322	-0.82623725	0
-0.500003	-0.86602375	0
-0.43388775	-0.900967	0
-0.36534625	-0.93087175	0
-0.29476125	-0.955571	0
-0.222528225	-0.97492625	0
-0.149050625	-0.98882975	0
-0.074739525	-0.99720325	0
-1.22122e-16	-0.997203	0.074739525
-1.21097e-16	-0.9888295	0.149050625
-1.19394e-16	-0.97492625	0.222528225
-1.17024e-16	-0.955571	0.2947615
-1.13999e-16	-0.93087175	0.365346
-1.10337e-16	-0.900967	0.43388775
-1.06057e-16	-0.8660235	0.500003
-1.01185e-16	-0.82623725	0.56332225
-9.57466e-17	-0.7818305	0.623491
-8.97729e-17	-0.7330515	0.680173
-8.32972e-17	-0.68017325	0.7330515
-7.63556e-17	-0.623491	0.7818305
-6.89871e-17	-0.563322	0.82623725
-6.12327e-17	-0.500003	0.86602375
-5.31359e-17	-0.43388775	0.900967
-4.4742e-17	-0.36534625	0.93087175
-3.60979e-17	-0.29476125	0.955571
-2.72519e-17	-0.222528225	0.97492625
-1.82534e-17	-0.149050625	0.98882975
-9.15295e-18	-0.074739525	0.99720325
0.074739525	-0.997203	0
0.149050625	-0.9888295	0
0.222528225	-0.97492625	0
0.2947615	-0.955571	0
0.365346	-0.93087175	0
0.43388775	-0.900967	0
0.500003	-0.8660235	0
0.56332225	-0.82623725	0
0.623491	-0.7818305	0
0.680173	-0.7330515	0
0.7330515	-0.68017325	0
0.7818305	-0.623491	0
0.82623725	-0.563322	0
0.86602375	-0.500003	0
0.900967	-0.43388775	0
0.93087175	-0.36534625	0
0.955571	-0.29476125	0
0.97492625	-0.222528225	0
0.98882975	-0.149050625	0
0.99720325	-0.074739525	0
0.074739525	0	-0.997203
0.149050625	0	-0.9888295
0.222528225	0	-0.97492625
0.2947615	0	-0.955571
0.365346	0	-0.93087175
0.43388775	0	-0.900967
0.500003	0	-0.8660235
0.56332225	0	-0.82623725
0.623491	0	-0.7818305
0.680173	0	-0.7330515
0.7330515	0	-0.68017325
0.7818305	0	-0.623491
0.82623725	0	-0.563322
0.86602375	0	-0.500003
0.900967	0	-0.43388775
0.93087175	0	-0.36534625
0.955571	0	-0.29476125
0.97492625	0	-0.222528225
0.98882975	0	-0.149050625
0.99720325	0	-0.074739525
0	0.997203	-0.074739525
0	0.9888295	-0.149050625
0	0.97492625	-0.222528225
0	0.955571	-0.2947615
0	0.93087175	-0.365346
0	0.900967	-0.43388775
0	0.8660235	-0.500003
0	0.82623725	-0.56332225
0	0.7818305	-0.623491
0	0.7330515	-0.680173
0	0.68017325	-0.7330515
0	0.623491	-0.7818305
0	0.563322	-0.82623725
0	0.500003	-0.86602375
0	0.43388775	-0.900967
0	0.36534625	-0.93087175
0	0.29476125	-0.955571
0	0.222528225	-0.97492625
0	0.149050625	-0.98882975
0	0.074739525	-0.99720325
-0.997203	6.10611e-17	-0.074739525
-0.9888295	6.05484e-17	-0.149050625
-0.97492625	5.9697e-17	-0.222528225
-0.955571	5.85119e-17	-0.2947615
-0.93087175	5.69995e-17	-0.365346
-0.900967	5.51683e-17	-0.43388775
-0.8660235	5.30287e-17	-0.500003
-0.82623725	5.05925e-17	-0.56332225
-0.7818305	4.78733e-17	-0.623491
-0.7330515	4.48865e-17	-0.680173
-0.68017325	4.16486e-17	-0.7330515
-0.623491	3.81778e-17	-0.7818305
-0.563322	3.44935e-17	-0.82623725
-0.500003	3.06164e-17	-0.86602375
-0.43388775	2.6568e-17	-0.900967
-0.36534625	2.2371e-17	-0.93087175
-0.29476125	1.80489e-17	-0.955571
-0.222528225	1.36259e-17	-0.97492625
-0.149050625	9.12672e-18	-0.98882975
-0.074739525	4.57648e-18	-0.99720325
-1.22122e-16	-0.997203	-0.074739525
-1.21097e-16	-0.9888295	-0.149050625
-1.19394e-16	-0.97492625	-0.222528225
-1.17024e-16	-0.955571	-0.2947615
-1.13999e-16	-0.93087175	-0.365346
-1.10337e-16	-0.900967	-0.43388775
-1.06057e-16	-0.8660235	-0.500003
-1.01185e-16	-0.82623725	-0.56332225
-9.57466e-17	-0.7818305	-0.623491
-8.97729e-17	-0.7330515	-0.680173
-8.32972e-17	-0.68017325	-0.7330515
-7.63556e-17	-0.623491	-0.7818305
-6.89871e-17	-0.563322	-0.82623725
-6.12327e-17	-0.500003	-0.86602375
-5.31359e-17	-0.43388775	-0.900967
-4.4742e-17	-0.36534625	-0.93087175
-3.60979e-17	-0.29476125	-0.955571
-2.72519e-17	-0.222528225	-0.97492625
-1.82534e-17	-0.149050625	-0.98882975
-9.15295e-18	-0.074739525	-0.99720325
0.48299975	0.5418015	0.687876
0.41143925	0.75081625	0.51673275
0.48894025	0.82137925	0.29377175
0.55592575	0.3217235	0.766464
0.71242025	0.584462	0.3884265
0.29857825	0.35093275	0.88753875
0.31097625	0.89085575	0.331211
0.84666875	0.35221775	0.398905
0.27366525	0.93187275	0.238207725
0.271002	0.244345125	0.931062
0.928825	0.239910875	0.28240075
0.242183575	0.953679	0.1784881
0.24062355	0.1809022	0.95361925
0.95219625	0.178894525	0.247656675
0.1244955	0.1505247	0.980738
0.98618375	0.140950575	0.087041825
0.12460985	0.9801525	0.1541979
0.072329375	0.99398075	0.082121025
0.685628	0.346798	0.64005275
0.62766125	0.7095215	0.3203795
0.74849875	0.45910575	0.4785295
0.34737375	0.45333425	0.82088275
0.262577	0.6923355	0.672125
0.720129	0.14755105	0.67798225
0.80638825	0.183246625	0.56229975
0.632229	0.55193475	0.5437445
0.188339275	0.8712665	0.4532615
0.1533696	0.48353675	0.8617935
0.4938505	0.85984475	0.129583525
0.56708475	0.6757525	0.47093825
0.169190475	0.92296775	0.34572175
0.168487375	0.368697	0.91416275
0.89464325	0.151513775	0.42032675
0.90344225	0.39975675	0.154930725
0.39534275	0.90347275	0.1657134
0.95945	0.253708	0.122860175
0.35825275	0.831049	0.42549
0.4511905	0.65401275	0.607206
0.464593	0.4319335	0.7730505
0.81298	0.48403025	0.3237405
0.5029805	0.76011725	0.411403
0.062584	0.97993375	0.1886837
0.061875475	0.189639825	0.9797875
0.9779895	0.0680188	0.196943425
0.193477	0.067284275	0.97872675
0.19987815	0.97754225	0.065545
0.9731655	0.147770775	0.176407975
0.193258575	0.1397957	0.971141
0.19446715	0.9711	0.13839755
0.4422305	0.31375025	0.8402515
0.41499475	0.86620575	0.27838225
0.0546787	0.98991625	0.129343725
0.056375625	0.111627725	0.9919965
0.77824775	0.258103	0.5724875
0.1339037	0.5856305	0.79945175
0.57499425	0.47108775	0.6689275
0.871127	0.3674235	0.325838
0.1475922	0.6958425	0.702879
0.39607575	0.6281025	0.669797
0.6502155	0.2662675	0.7115815
0.73687475	0.599898	0.31171225
0.69173225	0.6717525	0.265108
0.711533	0.22134025	0.6669
0.1096979	0.79211075	0.60044825
0.5684265	0.3872705	0.72589975
0.83239825	0.2371802	0.500885
0.83784525	0.51930025	0.168417
0.5245675	0.61279975	0.59101825
0.78938175	0.542251	0.28786925
0.118326375	0.82754475	0.54879825
0.71368825	0.6727195	0.1952463
0.33065375	0.77686075	0.53589575
0.224857475	0.41843075	0.87998825
0.71206975	0.438186	0.54859975
0.370598	0.691599	0.61997375
0.36610725	0.7408955	0.5630825
0.648373	0.47068475	0.5983905
0.555805	0.7976515	0.234217625
0.27162975	0.85475375	0.44231325
0.332284	0.280125	0.9006365
0.1039438	0.53841525	0.8362505
0.27950925	0.47038475	0.83704425
0.2526225	0.88318025	0.395227
0.072883975	0.8600285	0.504889
0.8782225	0.2205529	0.42438825
0.64143825	0.63242175	0.4342935
0.5346745	0.549104	0.6423465
0.85201625	0.43820275	0.28648475
0.629345	0.73907825	0.240234975
0.30086375	0.81828125	0.489821
0.829693	0.41978275	0.3679965
0.6056175	0.2129829	0.766741
0.38967025	0.3878535	0.8353195
0.67044575	0.5726245	0.47181675
0.389589	0.0620913	0.91874775
0.88876575	0.28320375	0.36044125
0.2359687	0.90785175	0.34662625
0.6108705	0.3285745	0.7203485
0.911824	0.2019903	0.357487
0.88825425	0.44724325	0.10482845
0.672712	0.65115125	0.35139925
0.516837	0.66623075	0.537603
0.799049	0.4101235	0.4397115
0.2128399	0.30328325	0.928838
0.39706475	0.91429325	0.079837025
0.09475475	0.894517	0.43688625
0.3471345	0.89852	0.268676
0.2496868	0.535884	0.80654475
0.219142675	0.93089575	0.292286
0.490285	0.7141475	0.4996265
0.56597775	0.766611	0.30331575
0.45338275	0.3815625	0.80552975
0.6042535	0.68934975	0.39961425
0.52533125	0.84731325	0.0775468
0.368759	0.32996975	0.86900475
0.691474	0.506007	0.51558625
0.55839125	0.74063925	0.3737315
0.783837	0.472185	0.40332075
0.238119375	0.348314	0.90664375
0.4738385	0.49288975	0.72976225
0.513896	0.377705	0.77023975
0.85843925	0.171917125	0.48326875
0.59412475	0.616959	0.51611675
0.1028833	0.92944175	0.3543455
0.41921575	0.836701	0.35244975
0.54199775	0.825047	0.159860875
0.442299	0.795142	0.41490675
0.34806125	0.20292765	0.915256
0.34589575	0.91595875	0.2034583
0.40974075	0.238783775	0.88041
0.75963625	0.1464269	0.6336645
0.084756225	0.380283	0.9209785
0.067671575	0.96047175	0.2697455
0.40834525	0.4394795	0.8000865
0.48609325	0.2441343	0.83913
0.73173725	0.52168625	0.438654
0.0660821	0.25667875	0.96414525
0.48389275	0.84807325	0.215970925
0.766018	0.53608325	0.35475925
0.38401575	0.7922245	0.474278
0.29360125	0.17645375	0.93950975
0.94599625	0.137803575	0.29345025
0.275442	0.63496825	0.72178425
0.130704625	0.42842025	0.89408375
0.90032025	0.0810974	0.4275725
0.074850225	0.479666	0.8741965
0.2950895	0.94304175	0.153650775
0.548914	0.258164	0.7950305
0.5030235	0.315915	0.80448175
0.46260625	0.757178	0.46118675
0.729433	0.08548005	0.67867825
0.922758	0.1168124	0.36726475
0.5326015	0.72461175	0.4373625
0.130048575	0.29565775	0.946406
0.4075055	0.88701925	0.2171636
0.349935	0.92725325	0.1332622
0.4980745	0.78912175	0.35949275
0.27122875	0.30611625	0.9125535
0.3372935	0.12195865	0.933471
0.16761155	0.90399075	0.39335375
0.14467765	0.948572	0.28158775
0.230636625	0.83764625	0.49515725
0.33278475	0.8642825	0.37722975
0.314352	0.057963375	0.94736325
0.96565125	0.1178321	0.231603575
0.3659195	0.8730385	0.322396
0.1123633	0.22426975	0.96803075
0.3140625	0.946384	0.07523075
0.3137435	0.40244975	0.8600185
0.278181	0.91373425	0.2961925
0.95286625	0.2326019	0.1948267
0.44295525	0.885197	0.142245025
0.1163229	0.96787125	0.2229366
0.469236	0.1670743	0.867136
0.184270975	0.22124375	0.9576575
0.4285755	0.70651325	0.5631845
0.247636975	0.962491	0.1108724
0.94416425	0.0623356	0.3231345
0.26050675	0.1137302	0.958753
0.2435968	0.79350125	0.557712
0.1884763	0.95807125	0.215842575
0.9901885	0.067546675	0.121913125
0.135889725	0.98799	0.073314525
0.1129913	0.0672911	0.9912635
0.8603275	0.50125975	0.0926506
0.72943975	0.3095085	0.61004025
0.72550975	0.36763025	0.5818085
0.69221	0.291488	0.6602295
0.6364335	0.391771	0.664441
0.1970584	0.7119215	0.67406175
0.80837525	0.5784665	0.109172775
0.6547855	0.33057225	0.6797075
0.807004	0.34469925	0.4795375
0.064111675	0.594194	0.801604
0.84841675	0.47922375	0.22485355
0.058393475	0.76660125	0.63919975
0.210772425	0.60322475	0.769234
0.467133	0.077878125	0.880715
0.92114175	0.05262465	0.38510825
0.89079275	0.37195	0.26109325
0.80696625	0.289628	0.51472925
0.05039945	0.53686925	0.841893
0.79843125	0.57401375	0.181763175
0.79808425	0.1110744	0.59223
0.07296165	0.43147825	0.89910475
0.6850195	0.40355925	0.60655225
0.51883225	0.5017	0.6921845
0.83796125	0.11383955	0.533735
0.46736675	0.881107	0.0712492
0.32323225	0.65934275	0.678832
0.870606	0.464149	0.1631913
0.770056	0.3270085	0.5478205
0.05298765	0.81889975	0.57112575
0.424118	0.55671075	0.71429225
0.59754075	0.063447875	0.799159
0.9178145	0.389108	0.078534525
0.68614625	0.1142219	0.71844875
0.59750675	0.528569	0.60298925
0.1610465	0.7916495	0.58938625
0.601475	0.78101725	0.168111775
0.1788623	0.5394945	0.82278625
0.759544	0.60805325	0.23106505
0.4706135	0.59195325	0.65430625
0.2986735	0.574458	0.762112
0.66594575	0.72605375	0.1714179
0.0466568	0.92094825	0.38622375
0.923457	0.3050075	0.23285625
0.669739	0.190779075	0.71768875
0.56761625	0.1088023	0.816079
0.8765845	0.113331825	0.46772475
0.584129	0.80740975	0.08277675
0.9032155	0.31566725	0.290836
0.82618675	0.49506975	0.26898
0.846278	0.2913565	0.44604075
0.25630325	0.96503925	0.0505707
0.1301883	0.64635275	0.7518615
0.29781125	0.73653	0.60733775
0.90997475	0.359262	0.20711755
0.9630575	0.0646261	0.26104625
0.259063	0.0476664	0.964424
0.580848	0.574706	0.57647925
0.81433075	0.054786075	0.57747475
0.129943225	0.745999	0.65315825
0.88785025	0.45669525	0.0522018
0.520489	0.445061	0.7287135
0.420424	0.49238525	0.762117
0.40324575	0.14393295	0.9037095
0.04363975	0.941026	0.33468
0.761593	0.62965175	0.1534093
0.0566422	0.319536	0.94569475
0.036815175	0.9978795	0.0392672
0.18061495	0.83275125	0.52337975
0.76255825	0.392412	0.51433075
0.757206	0.214565725	0.6169475
0.81214775	0.5382405	0.225256425
0.8622585	0.053163575	0.5032625
0.878967	0.42295025	0.220349325
0.131436575	0.8591645	0.49454525
0.320552	0.69536625	0.643221
0.214926975	0.74627075	0.6300065
0.75986725	0.64607675	0.070871775
0.35019025	0.6008995	0.71854625
0.71175275	0.69155775	0.123167025
0.070310825	0.70548325	0.7051085
0.709644	0.702135	0.0550376
0.32105175	0.511262	0.7972225
0.0421729	0.88154175	0.46963275
0.97067325	0.2032206	0.128454475
0.93395525	0.323411	0.1521439
0.65658725	0.74925375	0.08662125
0.972944	0.22306965	0.0574729
0.948263	0.30963775	0.06915195
0.6984805	0.053474225	0.713346
0.620357	0.134023875	0.772793
0.051014425	0.6511945	0.756907
0.67625225	0.703554	0.21844555
0.156330325	0.106426125	0.98195575
0.735044	0.2595375	0.62640075
0.048780725	0.050693975	0.9970955
0.204757	0.665923	0.71738875
0.7712725	0.06681865	0.6328165
0.3650365	0.53827025	0.75962775
0.655566	0.0609866	0.7524715
0.373139	0.48782675	0.789189
0.217949125	0.4908185	0.843575
0.5344695	0.059422525	0.84290625
0.54521875	0.176606325	0.8194935
0.51791375	0.11839715	0.847208
0.59555925	0.2782275	0.75360725
0.9959995	0.0723178	0.047486025
0.8333485	0.550001	0.05088555
0.803342	0.59328975	0.0464534
-0.5423575	0.483458	0.68711525
-0.75084	0.41144575	0.516693
-0.3085445	0.57311825	0.75918275
-0.8213805	0.4889405	0.2937675
-0.58523275	0.71178525	0.38843
-0.89085575	0.3109765	0.33121075
-0.35094525	0.2985995	0.8875265
-0.244350325	0.27101125	0.931058
-0.93187275	0.2736655	0.238207475
-0.180903175	0.240625675	0.9536185
-0.953679	0.242183725	0.178487875
-0.168738625	0.9330175	0.317842
-0.19450265	0.967364	0.162432925
-0.1505249	0.1244966	0.98073775
-0.9801525	0.124609975	0.1541978
-0.12536735	0.982619	0.136913725
-0.99398075	0.07232945	0.082120975
-0.074144675	0.99467225	0.07130615
-0.352087	0.68968725	0.63276225
-0.70953175	0.627662	0.32035575
-0.45594475	0.74846975	0.48158725
-0.4534565	0.3475285	0.8207495
-0.6923795	0.26261625	0.6720645
-0.129262175	0.75411675	0.643906
-0.553362	0.63237825	0.542118
-0.252225	0.9504045	0.182011875
-0.87126725	0.188339975	0.45326
-0.48354425	0.15338055	0.8617875
-0.17416215	0.51976675	0.83638075
-0.85984475	0.49385075	0.12958285
-0.67589425	0.56711025	0.47070375
-0.92296775	0.169190775	0.3457215
-0.368697	0.168487975	0.91416275
-0.3953615	0.89703125	0.19760475
-0.90347275	0.39534275	0.165713075
-0.83105075	0.3582535	0.425486
-0.65422675	0.45129425	0.60689825
-0.4323455	0.46509225	0.7725195
-0.49379975	0.804272	0.3306605
-0.76013875	0.50298425	0.41135875
-0.1383208	0.96309925	0.2309028
-0.22407015	0.96973675	0.0969953
-0.97993375	0.062584125	0.18868365
-0.1896398	0.061876175	0.9797875
-0.1508778	0.98661175	0.0598798
-0.0672848	0.193478775	0.9787265
-0.97754225	0.1998782	0.06554485
-0.214336775	0.94632125	0.24197725
-0.1397966	0.1932611	0.9711405
-0.9711	0.19446725	0.138397375
-0.06968445	0.9790645	0.1909972
-0.31382825	0.4423595	0.8401545
-0.866206	0.414995	0.2783815
-0.98991625	0.054678775	0.129343675
-0.111627725	0.056376275	0.9919965
-0.055890925	0.9902295	0.12649705
-0.3918505	0.762547	0.514775
-0.585637	0.133913225	0.79944575
-0.47255075	0.57601725	0.66701225
-0.28303925	0.6316865	0.721724
-0.695859	0.147609725	0.702859
-0.6282995	0.39622775	0.66952225
-0.601309	0.73488775	0.31367875
-0.673909	0.688413	0.26825575
-0.38859025	0.569719	0.72417875
-0.79211275	0.1096993	0.6004455
-0.517472	0.83709975	0.1775081
-0.61330075	0.52475675	0.59033
-0.54063525	0.79347	0.279548
-0.82754675	0.118328075	0.54879475
-0.390982	0.86012225	0.327652
-0.6731435	0.71287025	0.196767125
-0.7768795	0.33066225	0.535863
-0.25393425	0.87459175	0.413081
-0.4184485	0.224883075	0.87997325
-0.194852875	0.89628	0.39841875
-0.69169225	0.370654	0.61983625
-0.7409405	0.366125	0.56301175
-0.438457	0.7131225	0.54701325
-0.43854175	0.895	0.08142035
-0.79766825	0.55576425	0.234257325
-0.854754	0.27163025	0.4423125
-0.28014025	0.33231	0.90062225
-0.538418	0.1039486	0.83624825
-0.47275925	0.6493485	0.59569075
-0.4704525	0.27959425	0.83697775
-0.88318025	0.25262275	0.3952265
-0.86002925	0.07288475	0.50488775
-0.29645175	0.844813	0.44546
-0.63271825	0.64134475	0.4339995
-0.170397925	0.7910005	0.5876265
-0.54993	0.5351625	0.641233
-0.06175175	0.820393	0.5682035
-0.342107	0.93700175	0.0696349
-0.73959225	0.62835225	0.241249725
-0.818287	0.3008665	0.48980975
-0.38795875	0.38982275	0.8351995
-0.318296	0.899189	0.3002955
-0.33916375	0.61123725	0.71510925
-0.57370675	0.6701475	0.47092425
-0.062102375	0.389625	0.918732
-0.90785175	0.235969025	0.346626
-0.651551	0.67220075	0.35163725
-0.66644175	0.51688475	0.5372955
-0.303284	0.212841925	0.9288375
-0.91429325	0.39706475	0.0798367
-0.89451725	0.094755325	0.4368855
-0.116913375	0.9158435	0.38415225
-0.89852	0.34713475	0.26867575
-0.4370575	0.82301475	0.36284125
-0.53594425	0.24975925	0.80648225
-0.4614225	0.83934075	0.28744675
-0.93089575	0.21914295	0.292286
-0.7142335	0.49030425	0.49948475
-0.381733	0.45361975	0.80531575
-0.76662875	0.565942	0.3033385
-0.8473165	0.525325	0.0775541
-0.68949325	0.6041465	0.3995285
-0.32799375	0.9204365	0.21269305
-0.3300115	0.368825	0.868961
-0.7406815	0.55836825	0.37368225
-0.4147865	0.79701125	0.43903525
-0.50871775	0.69127225	0.51318325
-0.348317	0.23812505	0.90664125
-0.4934125	0.474404	0.72904125
-0.37831325	0.51462075	0.76945675
-0.92944175	0.1028836	0.3543455
-0.61754475	0.5941275	0.515413
-0.836704	0.4192165	0.352442
-0.8250505	0.54199025	0.159868625
-0.7951495	0.44230075	0.41489025
-0.47935275	0.77987625	0.40254175
-0.202941725	0.34809175	0.91524125
-0.91595875	0.34589575	0.203457975
-0.2388239	0.40982825	0.88035875
-0.380283	0.08475715	0.9209785
-0.439699	0.4086175	0.79982725
-0.96047175	0.067671775	0.2697455
-0.246724575	0.47978775	0.84199725
-0.25667875	0.066082875	0.96414525
-0.8480735	0.483893	0.215969725
-0.1523113	0.693861	0.703831
-0.096290175	0.5122675	0.853417
-0.79223225	0.38401825	0.474263
-0.176458725	0.29361125	0.93950575
-0.63503875	0.2755125	0.72169525
-0.42842125	0.13070705	0.89408325
-0.47966725	0.074852775	0.8741955
-0.52487875	0.72995425	0.43781525
-0.94304175	0.29508975	0.153650525
-0.298835	0.945732	0.127667875
-0.23927665	0.54739975	0.80195225
-0.5393695	0.762891	0.35651175
-0.076945	0.717323	0.69241325
-0.75721275	0.462614	0.461122
-0.31620525	0.50346375	0.80409225
-0.115616725	0.8617565	0.493983
-0.7246865	0.5325865	0.43725675
-0.315849	0.8737235	0.36997175
-0.295658	0.1300498	0.946406
-0.8870195	0.40750575	0.217163025
-0.92725325	0.34993525	0.133261875
-0.077466175	0.9380125	0.33776725
-0.78913575	0.49806475	0.35947525
-0.3061235	0.2712415	0.91254725
-0.121967275	0.337318	0.93346125
-0.178920125	0.5743965	0.7987985
-0.90399075	0.167611875	0.39335375
-0.948572	0.1446779	0.28158775
-0.8376495	0.230638475	0.495151
-0.86428325	0.3327855	0.3772275
-0.0579665	0.3143625	0.9473595
-0.87303925	0.36592	0.32239375
-0.22426995	0.112364525	0.96803075
-0.946384	0.3140625	0.0752305
-0.4024915	0.31380575	0.85997625
-0.91373425	0.27818125	0.29619225
-0.173980275	0.978099	0.1142612
-0.885197	0.44295525	0.1422444
-0.96787125	0.1163231	0.222936525
-0.156803225	0.47042575	0.868407
-0.24668495	0.923059	0.2951835
-0.221244825	0.1842734	0.957657
-0.962491	0.24763705	0.110872175
-0.7066045	0.42860075	0.563051
-0.2769425	0.958916	0.05900765
-0.1137328	0.260514	0.95875075
-0.79351375	0.2436051	0.5576905
-0.95807125	0.188476475	0.215842425
-0.037307675	0.997943	0.036596925
-0.98799	0.1358898	0.073314425
-0.0672912	0.112992075	0.9912635
-0.372832	0.72902225	0.5740565
-0.31687575	0.72989325	0.60570025
-0.62490325	0.77329375	0.1073475
-0.276994	0.71516375	0.64174725
-0.39441325	0.63795425	0.661412
-0.5368155	0.8341535	0.1266092
-0.71194675	0.197082725	0.67402775
-0.42764625	0.8922815	0.144806125
-0.31600175	0.662072	0.67957975
-0.59419725	0.0641162	0.80160125
-0.76660275	0.058394975	0.63919775
-0.60326525	0.21081815	0.76918975
-0.075743425	0.4548505	0.88729375
-0.45710825	0.8650195	0.206927575
-0.067478025	0.9625255	0.262371
-0.150949575	0.87733025	0.4555485
-0.47953325	0.86730775	0.1335603
-0.5368705	0.050401675	0.841892
-0.26410025	0.812606	0.5195685
-0.0884206	0.666461	0.74027725
-0.50252325	0.51951475	0.69107425
-0.43147875	0.07296325	0.89910425
-0.118643075	0.82587475	0.55124025
-0.40717725	0.6854005	0.60369675
-0.88110725	0.4673665	0.071248975
-0.6594345	0.3233095	0.678706
-0.06126805	0.89907875	0.43314925
-0.05752495	0.61382425	0.78712275
-0.557053	0.42443425	0.7138375
-0.81890025	0.0529883	0.57112475
-0.39326025	0.88296325	0.25642075
-0.583527	0.80129575	0.1320516
-0.5645335	0.80266625	0.19248545
-0.27248175	0.92993475	0.246978675
-0.202543425	0.73501525	0.64711
-0.52984375	0.5980585	0.601321
-0.79165625	0.161052025	0.58937575
-0.779116	0.6032555	0.17053625
-0.39606625	0.916546	0.0513232
-0.5923715	0.47088975	0.65372875
-0.539519	0.178892525	0.82276375
-0.235177025	0.676076	0.69831075
-0.574575	0.29879725	0.76197525
-0.50885175	0.82941775	0.23057115
-0.118282575	0.570231	0.81293225
-0.92094825	0.046657	0.38622375
-0.729517	0.663253	0.167096825
-0.25396875	0.766783	0.58955275
-0.79905375	0.59454825	0.089615475
-0.61652	0.7511365	0.2360557
-0.32366775	0.7689965	0.55128125
-0.3708135	0.9170305	0.1468619
-0.24967885	0.90250475	0.35096125
-0.96503925	0.25630325	0.05057055
-0.64636925	0.13020685	0.751844
-0.7365705	0.2978385	0.607275
-0.047667525	0.2590665	0.964423
-0.57560775	0.581111	0.57531375
-0.44592675	0.52129975	0.7276035
-0.74600625	0.129949875	0.65314875
-0.492706	0.42077875	0.76171375
-0.143982325	0.40332	0.90366875
-0.941026	0.0436399	0.33468
-0.3971155	0.911826	0.104313225
-0.319536	0.05664295	0.94569475
-0.9978795	0.036815175	0.039267175
-0.627322	0.76138125	0.163666875
-0.366881	0.836476	0.40710925
-0.8327555	0.180618075	0.523372
-0.181074475	0.8346255	0.52022575
-0.059227875	0.851803	0.520193
-0.34544175	0.80540325	0.4816895
-0.50269025	0.8623375	0.057723825
-0.859166	0.131438	0.49454225
-0.69543075	0.32059975	0.6431275
-0.583103	0.8093925	0.06842165
-0.74629275	0.214945425	0.6299745
-0.60107475	0.35035475	0.71831925
-0.682805	0.7204055	0.12167825
-0.70548825	0.070316375	0.705103
-0.702222	0.70964275	0.053781025
-0.143268975	0.629648	0.7635675
-0.51139325	0.32120125	0.797078
-0.094574375	0.790745	0.6048035
-0.881542	0.042173275	0.4696325
-0.6514815	0.7560605	0.0602816
-0.7446445	0.66253275	0.0806326
-0.113350075	0.950942	0.28786925
-0.22651305	0.85758275	0.46181375
-0.060602825	0.7569295	0.65044525
-0.6511985	0.05101915	0.7569035
-0.10642655	0.1563318	0.98195575
-0.7038835	0.67535525	0.22015255
-0.22623455	0.61503425	0.75536425
-0.217899475	0.80266625	0.5552205
-0.050694	0.0487812	0.9970955
-0.66595875	0.20479335	0.71734525
-0.53848225	0.3652595	0.75937025
-0.189729125	0.65483625	0.7315845
-0.4880295	0.37337175	0.7889535
-0.4908545	0.217994375	0.8435425
-0.76447025	0.631969	0.1273384
-0.05471435	0.553	0.83114925
-0.482999	-0.54180175	0.68787625
-0.4114395	-0.75081625	0.5167325
-0.5558775	-0.3217605	0.7664835
-0.4889405	-0.82137925	0.29377125
-0.71233175	-0.58455625	0.388447
-0.831031	-0.3611445	0.42307375
-0.3109765	-0.89085575	0.33121075
-0.2985785	-0.35093275	0.8875385
-0.27100225	-0.244345075	0.931062
-0.2736655	-0.93187275	0.238207475
-0.2406239	-0.18090215	0.95361925
-0.242183725	-0.953679	0.178487875
-0.1244962	-0.15052465	0.980738
-0.124609975	-0.9801525	0.1541978
-0.9714295	-0.199776775	0.1281373
-0.07232945	-0.99398075	0.082120975
-0.68559125	-0.3468095	0.640086
-0.6276615	-0.7095215	0.32037925
-0.7482595	-0.45811475	0.47985125
-0.34737425	-0.45333425	0.8208825
-0.2625775	-0.6923355	0.672125
-0.8069555	-0.182430425	0.561751
-0.6322145	-0.551945	0.54375075
-0.188339625	-0.8712665	0.4532615
-0.153370225	-0.48353675	0.8617935
-0.49385075	-0.85984475	0.129583075
-0.56708475	-0.6757525	0.470938
-0.169190775	-0.92296775	0.3457215
-0.168487975	-0.368697	0.91416275
-0.897848	-0.1487511	0.414437
-0.88295925	-0.4189585	0.211846775
-0.39534275	-0.90347275	0.165713075
-0.9545225	-0.2650895	0.13646875
-0.358253	-0.831049	0.42548975
-0.4511905	-0.65401275	0.607206
-0.464593	-0.4319335	0.7730505
-0.9438085	-0.0849009	0.319408
-0.8177045	-0.47539075	0.3246445
-0.50298075	-0.76011725	0.4114025
-0.966982	-0.2447668	0.070204675
-0.9814245	-0.08010155	0.1743256
-0.062584125	-0.97993375	0.18868365
-0.061876175	-0.1896398	0.9797875
-0.193477225	-0.06728425	0.97872675
-0.1998782	-0.97754225	0.06554485
-0.193258975	-0.13979565	0.971141
-0.19446725	-0.9711	0.138397375
-0.44223075	-0.31375025	0.8402515
-0.9923335	-0.108644375	0.05625515
-0.9925265	-0.060706	0.104846325
-0.41499475	-0.86620575	0.278382
-0.054678775	-0.98991625	0.129343675
-0.0563762	-0.1116277	0.9919965
-0.947013	-0.159341075	0.2789095
-0.77817925	-0.258711	0.57230625
-0.133904375	-0.5856305	0.79945175
-0.5749905	-0.4710895	0.66892975
-0.14759275	-0.69584225	0.702879
-0.8724115	-0.36819425	0.32150275
-0.3960755	-0.6281025	0.669797
-0.648992	-0.26681375	0.712493
-0.73001775	-0.6080715	0.31201025
-0.68629875	-0.6762905	0.2676795
-0.706465	-0.22455345	0.67119925
-0.109698425	-0.79211075	0.60044825
-0.568426	-0.38727075	0.72590025
-0.838631	-0.228769625	0.4943555
-0.834913	-0.52430475	0.16747
-0.5245645	-0.6128015	0.59101925
-0.11832685	-0.82754475	0.54879825
-0.81279875	-0.52281625	0.257003
-0.708102	-0.67795375	0.197466675
-0.330654	-0.77686075	0.5358955
-0.224857975	-0.41843075	0.87998825
-0.71194525	-0.43805025	0.54886975
-0.37059825	-0.691599	0.6199735
-0.3661075	-0.7408955	0.56308225
-0.648338	-0.4706745	0.59843625
-0.55579575	-0.79765775	0.234218675
-0.27163	-0.85475375	0.44231325
-0.3322845	-0.280125	0.90063625
-0.103944525	-0.53841525	0.8362505
-0.27950975	-0.47038475	0.837044
-0.907871	-0.33611875	0.2506435
-0.25262275	-0.88318025	0.39522675
-0.87994275	-0.23066055	0.4153575
-0.07288435	-0.8600285	0.504889
-0.64142175	-0.6324365	0.43429625
-0.94471975	-0.32001125	0.0705287
-0.5346705	-0.549105	0.64234925
-0.62813075	-0.7398745	0.240961125
-0.300864	-0.81828125	0.489821
-0.835153	-0.4068625	0.370154
-0.60545775	-0.21418425	0.7665325
-0.3896705	-0.3878535	0.8353195
-0.6704275	-0.57264275	0.47182025
-0.389589	-0.062091275	0.918748
-0.235969025	-0.90785175	0.346626
-0.610604	-0.3286955	0.720519
-0.67262025	-0.65123675	0.35141725
-0.516837	-0.66623075	0.537603
-0.796915	-0.408565	0.445003
-0.2128404	-0.30328325	0.928838
-0.39706475	-0.91429325	0.079836725
-0.09475515	-0.894517	0.43688625
-0.9251115	-0.347447	0.153183475
-0.34713475	-0.89852	0.26867575
-0.249687275	-0.53588375	0.80654475
-0.21914295	-0.93089575	0.292286
-0.49028525	-0.7141475	0.49962625
-0.56596975	-0.76661675	0.30331675
-0.453383	-0.3815625	0.80552975
-0.604234	-0.68936525	0.399617
-0.52532975	-0.84731425	0.0775467
-0.36875925	-0.32996975	0.86900475
-0.69144	-0.5060355	0.51560375
-0.5583865	-0.74064275	0.37373175
-0.7845675	-0.46803725	0.4067205
-0.89713725	-0.2678115	0.351353
-0.238119875	-0.348314	0.90664375
-0.4738385	-0.49288975	0.72976225
-0.856056	-0.142799025	0.496783
-0.51389575	-0.377705	0.77023975
-0.59411725	-0.616965	0.51611825
-0.1028836	-0.92944175	0.3543455
-0.419216	-0.836701	0.3524495
-0.541996	-0.825048	0.159860725
-0.44229925	-0.795142	0.4149065
-0.3480615	-0.2029276	0.915256
-0.34589575	-0.91595875	0.203458
-0.40974075	-0.238783725	0.88041025
-0.7803715	-0.128440675	0.61199375
-0.084757	-0.380283	0.9209785
-0.067671775	-0.96047175	0.2697455
-0.4083455	-0.4394795	0.8000865
-0.48612325	-0.244177525	0.83910025
-0.73175375	-0.52115725	0.439255
-0.066082825	-0.25667875	0.96414525
-0.483893	-0.84807325	0.215970525
-0.38401625	-0.7922245	0.474278
-0.2936015	-0.1764537	0.93950975
-0.2754425	-0.634968	0.72178425
-0.130705375	-0.42842025	0.894084
-0.76880325	-0.5375955	0.3463505
-0.0748509	-0.479666	0.8741965
-0.88504625	-0.069030225	0.4601695
-0.29508975	-0.94304175	0.153650525
-0.54888075	-0.2584345	0.79496575
-0.50302375	-0.315915	0.80448175
-0.4626065	-0.757178	0.4611865
-0.72103025	-0.146864325	0.67717275
-0.53259725	-0.72461475	0.43736275
-0.92969	-0.1367209	0.3420465
-0.130049325	-0.29565775	0.94640625
-0.40750575	-0.88701925	0.217163275
-0.34993525	-0.92725325	0.133261875
-0.49807225	-0.789123	0.3594925
-0.271229	-0.306116	0.91255325
-0.3372935	-0.1219586	0.933471
-0.167611875	-0.90399075	0.39335375
-0.1446779	-0.948572	0.28158775
-0.230637	-0.83764625	0.49515725
-0.33278525	-0.8642825	0.3772295
-0.31435225	-0.05796335	0.94736325
-0.36592	-0.8730385	0.32239575
-0.1123641	-0.2242697	0.96803075
-0.3140625	-0.946384	0.0752305
-0.313744	-0.40244975	0.86001825
-0.27818125	-0.91373425	0.29619225
-0.98239175	-0.17512775	0.063633475
-0.44295525	-0.885197	0.142244625
-0.1163231	-0.96787125	0.222936525
-0.469332	-0.167145125	0.86707025
-0.1842715	-0.2212437	0.9576575
-0.42857575	-0.70651325	0.56318425
-0.24763705	-0.962491	0.110872175
-0.9188325	-0.19599335	0.34256775
-0.260507	-0.113730175	0.958753
-0.2435972	-0.793501	0.55771175
-0.188476475	-0.95807125	0.21584245
-0.99704425	-0.0523029	0.048416525
-0.1358898	-0.98799	0.073314425
-0.112991775	-0.067291075	0.9912635
-0.94016525	-0.27185775	0.20542395
-0.85099625	-0.518729	0.08180795
-0.72918175	-0.3097	0.6102515
-0.72518275	-0.367555	0.5822635
-0.692282	-0.29151525	0.660142
-0.63641575	-0.39177425	0.66445625
-0.197058875	-0.7119215	0.67406175
-0.9681835	-0.155692725	0.1959314
-0.8050095	-0.5859525	0.09289665
-0.6547705	-0.33057325	0.67972125
-0.0641122	-0.59419375	0.801604
-0.803521	-0.34722825	0.4835445
-0.87004725	-0.47067775	0.146616225
-0.058393875	-0.76660125	0.63919975
-0.89716025	-0.31282725	0.31188725
-0.210772925	-0.60322475	0.769234
-0.467229	-0.07793815	0.88065925
-0.80652475	-0.29181275	0.514187
-0.0503999	-0.53686925	0.841893
-0.072962325	-0.431478	0.89910475
-0.684944	-0.403535	0.6066535
-0.518831	-0.5017005	0.69218525
-0.46736675	-0.88110725	0.07124885
-0.32323275	-0.65934275	0.67883175
-0.7910835	-0.58059825	0.192652525
-0.76907075	-0.32769275	0.54879425
-0.05298795	-0.81889975	0.57112575
-0.42411775	-0.556711	0.71429225
-0.6077075	-0.06833065	0.79109225
-0.68184325	-0.125033	0.7207425
-0.767649	-0.62674025	0.133890725
-0.965029	-0.082244525	0.248909275
-0.59749525	-0.5285695	0.60300025
-0.161046975	-0.7916495	0.58938625
-0.6014505	-0.781034	0.168120225
-0.95886875	-0.219700025	0.1797617
-0.178862875	-0.5394945	0.82278625
-0.742835	-0.6262715	0.236652475
-0.470612	-0.59195375	0.65430675
-0.29867375	-0.574458	0.762112
-0.6654775	-0.7260495	0.173245125
-0.046656975	-0.92094825	0.38622375
-0.84862025	-0.48572875	0.20960565
-0.9258975	-0.2506545	0.28268325
-0.66743925	-0.190994325	0.719771
-0.98389725	-0.131594975	0.12095705
-0.58411725	-0.807418	0.082780375
-0.844129	-0.29909325	0.444991
-0.91825325	-0.07401085	0.38889625
-0.25630325	-0.96503925	0.05057055
-0.13018895	-0.6463525	0.7518615
-0.29781175	-0.73652975	0.6073375
-0.259063	-0.047666375	0.964424
-0.5808405	-0.57470975	0.57648325
-0.8665045	-0.3296075	0.37491575
-0.80450275	-0.06529995	0.59014725
-0.1299438	-0.745999	0.65315825
-0.520488	-0.44506125	0.728714
-0.42042425	-0.49238525	0.762117
-0.40324575	-0.1439329	0.9037095
-0.0436399	-0.941026	0.33468
-0.056642825	-0.31953575	0.94569475
-0.84688275	-0.067307775	0.527309
-0.86111025	-0.416802	0.29119425
-0.74654975	-0.64111225	0.177935075
-0.846502	-0.464896	0.2594925
-0.036815175	-0.9978795	0.039267175
-0.887166	-0.4558355	0.0707296
-0.18061535	-0.83275125	0.5233795
-0.76121225	-0.392431	0.516306
-0.75392	-0.202148375	0.62511
-0.131437	-0.8591645	0.494545
-0.32055225	-0.69536625	0.643221
-0.214927425	-0.74627075	0.6300065
-0.75473575	-0.65223575	0.0691015
-0.35019025	-0.6008995	0.718546
-0.71736975	-0.68470025	0.128763725
-0.070311325	-0.70548325	0.7051085
-0.9500275	-0.21202495	0.22914935
-0.71110075	-0.70060525	0.0558229
-0.32105225	-0.511262	0.7972225
-0.91738975	-0.39110675	0.072975225
-0.042173125	-0.88154175	0.46963275
-0.77111725	-0.5766665	0.269928
-0.65760825	-0.74822225	0.0878191
-0.87314875	-0.28143525	0.398041
-0.89883925	-0.41803925	0.131694525
-0.65759425	-0.06722895	0.750225
-0.6242555	-0.14042545	0.7685065
-0.051014825	-0.6511945	0.756907
-0.1563307	-0.106426075	0.981956
-0.67299475	-0.70610525	0.22026775
-0.8693565	-0.188293225	0.4569335
-0.73528325	-0.25966	0.62606925
-0.048781125	-0.05069395	0.9970955
-0.20475745	-0.66592275	0.71738875
-0.36503675	-0.53827025	0.75962775
-0.37313925	-0.48782675	0.78918875
-0.21794965	-0.4908185	0.843575
-0.75453725	-0.066625775	0.652697
-0.53979	-0.064371375	0.8391875
-0.54871325	-0.181199075	0.816152
-0.52136275	-0.12161175	0.8446335
-0.70653025	-0.0681494	0.70425125
-0.56966775	-0.115611	0.81371075
-0.595187	-0.2786505	0.753745
-0.82081825	-0.117708375	0.5589395
0.682362	-0.5730215	0.453914
0.4595095	-0.5369655	0.70747925
0.463576	-0.75684825	0.46075425
0.82231925	-0.38590075	0.418212
0.51943225	-0.2691465	0.81103525
0.37049175	-0.3089255	0.875975
0.93462475	-0.27698675	0.223104125
0.2378469	-0.29248175	0.92623275
0.185101575	-0.25415125	0.949294
0.9814	-0.1232241	0.14721995
0.152416625	-0.092376075	0.98399125
0.132006425	-0.97741875	0.165018625
0.9939905	-0.072205175	0.082107975
0.08257285	-0.068483625	0.994194
0.088887325	-0.99329725	0.0737712
0.315232	-0.44621225	0.83758825
0.57660075	-0.45275925	0.6801095
0.260243	-0.5973685	0.758586
0.25427325	-0.7832965	0.56729175
0.53632025	-0.80178675	0.2636805
0.68258875	-0.71528275	0.149870975
0.5166385	-0.84703475	0.125025725
0.86336325	-0.467822	0.18913205
0.63284725	-0.5216685	0.572162
0.16926885	-0.44018775	0.88181825
0.91858225	-0.16872195	0.357433
0.9051155	-0.38073425	0.189286525
0.4622975	-0.64240375	0.611231
0.414392	-0.173163675	0.8934845
0.202785925	-0.95179375	0.23017865
0.635564	-0.1587213	0.7555705
0.56134225	-0.38514025	0.73251775
0.1040635	-0.95254775	0.28605925
0.54899975	-0.110719175	0.82846275
0.069882425	-0.9682915	0.239622025
0.10800255	-0.33648975	0.935477
0.09353925	-0.9100135	0.403898
0.97990775	-0.061925	0.1890038
0.066746975	-0.189139375	0.9796075
0.9783425	-0.199738425	0.0499357
0.1562926	-0.18132795	0.970928
0.404575	-0.8112195	0.42222
0.30587325	-0.950356	0.0535068
0.294011	-0.8704425	0.394866
0.175172475	-0.98141925	0.078251225
0.27497375	-0.943193	0.186523625
0.989921	-0.05449115	0.129372675
0.05002625	-0.13145205	0.98983525
0.215278875	-0.96662675	0.13890875
0.1186216	-0.575686	0.80902925
0.44815625	-0.8860615	0.11859085
0.20160355	-0.4968075	0.844133
0.730788	-0.448108	0.514937
0.12552205	-0.68744225	0.715319
0.7657915	-0.3880855	0.51280775
0.13151235	-0.77054875	0.62367725
0.25016325	-0.44002375	0.86245425
0.6428225	-0.71604025	0.2721975
0.62931025	-0.31766675	0.7092805
0.830186	-0.42561725	0.36009775
0.4034805	-0.5377815	0.740281
0.83660325	-0.53415875	0.121581425
0.88513275	-0.205158425	0.4176985
0.3612215	-0.64508725	0.6733495
0.7088685	-0.1978525	0.67703975
0.80839775	-0.352653	0.47133475
0.42492025	-0.88138625	0.206452275
0.65553025	-0.2270477	0.7202475
0.19442405	-0.36029925	0.91236125
0.68995975	-0.6573585	0.30308075
0.645361	-0.46435125	0.6065405
0.3769395	-0.7853165	0.49114175
0.35355675	-0.2333112	0.905864
0.262476	-0.85052425	0.45578975
0.250118	-0.70961025	0.658728
0.58283975	-0.79984575	0.14339815
0.550396	-0.607572	0.572644
0.43629575	-0.48234325	0.75961175
0.52541325	-0.53163525	0.6643075
0.903367	-0.3529975	0.243615425
0.57386675	-0.7547375	0.3179165
0.596633	-0.76975025	0.22702695
0.734567	-0.58959575	0.33587725
0.59312625	-0.219564725	0.77460925
0.47035725	-0.5865185	0.6593655
0.539622	-0.1816396	0.822094
0.57080575	-0.8181945	0.067315725
0.90518975	-0.239650675	0.35103575
0.47810425	-0.215955275	0.8513545
0.68380225	-0.51181425	0.5200635
0.30785575	-0.166416475	0.936775
0.929589	-0.22562155	0.29151625
0.27149275	-0.37450325	0.886604
0.436691	-0.8542705	0.282046
0.4292465	-0.0825723	0.89939525
0.5345745	-0.8218495	0.197023575
0.184597325	-0.8445095	0.50274175
0.92453525	-0.33333225	0.184779
0.170858025	-0.303063	0.93753775
0.48625725	-0.1283649	0.864343
0.121988625	-0.40549175	0.90592825
0.1536351	-0.9148135	0.37353675
0.617021	-0.39128875	0.682786
0.42891375	-0.7291125	0.533333
0.90873175	-0.41126025	0.070169225
0.36291825	-0.84964725	0.38264675
0.69537425	-0.68115875	0.229131125
0.647903	-0.078229175	0.7576445
0.59364525	-0.49721575	0.6327455
0.30828725	-0.07181955	0.9485245
0.9351325	-0.0850936	0.34393125
0.9631025	-0.06737655	0.26026925
0.7891735	-0.46447825	0.40186125
0.949003	-0.28451175	0.1358583
0.417677	-0.26336925	0.86960475
0.4077955	-0.9111005	0.056975675
0.8679685	-0.14522855	0.47492675
0.586406	-0.0604694	0.80756725
0.32557925	-0.8860615	0.33003825
0.67671225	-0.629901	0.38118625
0.094315575	-0.93460125	0.34297425
0.3478235	-0.9142	0.208032025
0.5947085	-0.134802725	0.79256925
0.477564	-0.86054425	0.177253925
0.48476275	-0.841258	0.239409725
0.508212	-0.472284	0.720194
0.686597	-0.148594675	0.71170425
0.236136275	-0.968743	0.075754175
0.90467	-0.13654255	0.40366025
0.1249204	-0.248904325	0.96044175
0.52750975	-0.061941525	0.847121
0.510244	-0.85776375	0.0598271
0.464463	-0.276148	0.8414545
0.103386775	-0.853212	0.5112255
0.948455	-0.14115615	0.28376025
0.3348025	-0.92848525	0.160746075
0.233409975	-0.20867195	0.94973275
0.28842675	-0.920677	0.2630345
0.9679005	-0.114602575	0.223698725
0.082291175	-0.46151075	0.88329675
0.158589475	-0.939815	0.3026755
0.95923825	-0.1898026	0.209399675
0.94671525	-0.31528275	0.0640762
0.313263	-0.30467925	0.89948175
0.925321	-0.359211	0.121487975
0.97099175	-0.205753775	0.121844575
0.099385375	-0.138241175	0.98540025
0.05976705	-0.886142	0.459204
0.98806675	-0.13824985	0.067055325
0.14851995	-0.884609	0.44207075
0.175498825	-0.59884775	0.78141175
0.18625395	-0.64873675	0.737884
0.22583205	-0.55218025	0.80257175
0.187778525	-0.6968345	0.69223025
0.187749325	-0.7787545	0.59859475
0.089477225	-0.5259435	0.845804
0.18957825	-0.74090125	0.6443195
0.13891135	-0.4964575	0.8568835
0.31974925	-0.6224615	0.7143715
0.31095525	-0.676734	0.667356
0.6830525	-0.4049225	0.6078605
0.317774	-0.78446125	0.5326065
0.75272225	-0.65584125	0.053673425
0.30904675	-0.720937	0.6202945
0.04454935	-0.85222275	0.5207815
0.73129625	-0.672852	0.111745025
0.30059275	-0.7578195	0.57911625
0.11271785	-0.63227625	0.7665075
0.195281925	-0.8080485	0.555828
0.1288566	-0.73436225	0.66642425
0.25209625	-0.66442175	0.703576
0.69365575	-0.266918	0.66904675
0.87377375	-0.48226725	0.06027045
0.297421	-0.52148375	0.79976325
0.80200125	-0.5702525	0.1778442
0.831677	-0.4972155	0.24722255
0.25170075	-0.748784	0.6131855
0.3689115	-0.1177868	0.92197725
0.334482	-0.83093125	0.444642
0.8969875	-0.0631656	0.43722675
0.8305845	-0.126560375	0.5423325
0.044137475	-0.33784725	0.93987425
0.41473425	-0.6892815	0.5940555
0.5977055	-0.70172	0.387752
0.7921655	-0.54683975	0.2710515
0.63788425	-0.69053625	0.341007
0.36452775	-0.92530875	0.10455565
0.4629035	-0.88488875	0.04683485
0.59168625	-0.5884975	0.550976
0.05962675	-0.270864	0.960619
0.060815975	-0.685355	0.72545675
0.47556025	-0.0547402	0.87775675
0.78440025	-0.60842675	0.120602675
0.51506275	-0.59652975	0.6155175
0.709587	-0.071128225	0.7009035
0.06386035	-0.59407825	0.8017075
0.798135	-0.242764025	0.55142825
0.77422625	-0.42581925	0.468267
0.4269105	-0.579476	0.69424
0.49707725	-0.813111	0.3029705
0.8303355	-0.55363425	0.061128925
0.3593905	-0.73791975	0.571257
0.73676625	-0.6510445	0.182590975
0.4373705	-0.825094	0.357707
0.9028615	-0.30020575	0.307811
0.413154	-0.63650125	0.651293
0.285897	-0.95034425	0.122953175
0.3133245	-0.8126695	0.491349
0.56249125	-0.68654475	0.460729
0.391315	-0.862431	0.3211205
0.6296485	-0.43092675	0.6464185
0.475223	-0.78597975	0.3955075
0.8013915	-0.075919475	0.59321975
0.68404725	-0.45943225	0.5665795
0.55521575	-0.64530025	0.5247135
0.5969765	-0.62612775	0.50158475
0.8489545	-0.3208085	0.419986
0.77504425	-0.11341965	0.621654
0.92942325	-0.36292725	0.065134275
0.158837825	-0.542106	0.82517325
0.577729	-0.29308275	0.76181025
0.4991695	-0.69809325	0.51332825
0.73752025	-0.62501275	0.255831
0.8951395	-0.418282	0.15422025
0.63235275	-0.75718975	0.163753525
0.96374725	-0.2588	0.063176275
0.7632875	-0.53131975	0.367575
0.64026175	-0.76326375	0.08651165
0.56097075	-0.5534105	0.615672
0.217226575	-0.89016475	0.4005545
0.3623035	-0.6860075	0.6309915
0.66540125	-0.3538975	0.6572805
0.83987275	-0.2660845	0.47312025
0.79269475	-0.1532495	0.590059
0.7360745	-0.50693225	0.44858475
0.7587175	-0.068937	0.647616
0.226769475	-0.402497	0.8869035
0.63012625	-0.6377895	0.44291675
0.380119	-0.5943225	0.70873425
0.9978805	-0.036784775	0.03926475
0.037918175	-0.037756325	0.997892
0.87448475	-0.42409125	0.235478575
0.13407405	-0.962206	0.237049075
0.365282	-0.4924295	0.7900055
0.47979775	-0.40913675	0.7761615
0.25908925	-0.8145085	0.5191125
0.2603275	-0.494167	0.82949275
0.65137575	-0.729417	0.2090087
0.85095575	-0.069095075	0.5205015
0.075513225	-0.72556675	0.6839175
0.047791825	-0.64435925	0.762918
0.614941	-0.2649305	0.74275675
0.50837125	-0.7869565	0.34969275
0.40082775	-0.42547925	0.8113765
0.79584575	-0.60313575	0.048941925
0.36139225	-0.93063825	0.053940825
0.8375245	-0.51378125	0.18602195
0.225841025	-0.128107425	0.965708
0.77178725	-0.602959	0.202015375
0.385107	-0.90851	0.16223775
0.4316025	-0.34286425	0.8343825
0.718599	-0.56939175	0.39928025
0.50605225	-0.64734	0.56997075
0.637976	-0.57829875	0.508489
0.05187455	-0.95016875	0.30668925
0.8782465	-0.27794825	0.38917525
0.059770975	-0.39111375	0.918233
0.3703715	-0.888977	0.26939225
0.5285295	-0.744948	0.407099
0.507487	-0.330521	0.79576425
0.8717125	-0.4722965	0.13063755
0.33885	-0.56271025	0.754031
0.7419685	-0.140028325	0.6556615
0.3863635	-0.05026455	0.92072775
0.83328875	-0.190506175	0.51899925
0.4621545	-0.6819215	0.56692725
0.3529995	-0.3706875	0.85907575
0.70553175	-0.7053075	0.0675008
0.83477325	-0.46470925	0.29534675
0.1329642	-0.809558	0.5717975
0.2578625	-0.9045955	0.33947275
0.0493776	-0.986171	0.156739
0.5143865	-0.722893	0.46134825
0.07585375	-0.770504	0.6328255
0.20370375	-0.86890675	0.4511435
0.20183485	-0.9176	0.3424795
0.29006625	-0.24192385	0.9259365
0.73047525	-0.3935685	0.558149
0.22251445	-0.92882825	0.2962905
0.751573	-0.22604005	0.619732
0.858614	-0.2008519	0.47166225
0.861019	-0.3501725	0.368856
0.636499	-0.6660775	0.3888755
0.8705895	-0.3877015	0.30297525
0.059958925	-0.8175935	0.572392
0.80376	-0.4880645	0.3402825
0.955305	-0.23977285	0.172961
0.728168	-0.32501975	0.60345675
0.7800785	-0.3239045	0.5353435
0.76592375	-0.2801595	0.57870225
0.040925625	-0.99781975	0.03714025
0.36186175	-0.17309405	0.91603125
0.2263367	-0.04908925	0.9725675
0.48299975	0.5418015	-0.687876
0.41143925	0.75081625	-0.51673275
0.48894025	0.82137925	-0.29377175
0.55592575	0.3217235	-0.766464
0.71242025	0.584462	-0.3884265
0.29857825	0.35093275	-0.88753875
0.31097625	0.89085575	-0.331211
0.84666875	0.35221775	-0.398905
0.27366525	0.93187275	-0.238207725
0.271002	0.244345125	-0.931062
0.928825	0.239910875	-0.28240075
0.242183575	0.953679	-0.1784881
0.95219625	0.178894525	-0.247656675
0.24062355	0.1809022	-0.95361925
0.1244955	0.1505247	-0.980738
0.98618375	0.140950575	-0.087041825
0.12460985	0.9801525	-0.1541979
0.072329375	0.99398075	-0.082121025
0.685628	0.346798	-0.64005275
0.62766125	0.7095215	-0.3203795
0.74849875	0.45910575	-0.4785295
0.34737375	0.45333425	-0.82088275
0.262577	0.6923355	-0.672125
0.720129	0.14755105	-0.67798225
0.80638825	0.183246625	-0.56229975
0.632229	0.55193475	-0.5437445
0.188339275	0.8712665	-0.4532615
0.1533696	0.48353675	-0.8617935
0.4938505	0.85984475	-0.129583525
0.56708475	0.6757525	-0.47093825
0.169190475	0.92296775	-0.34572175
0.168487375	0.368697	-0.91416275
0.89464325	0.151513775	-0.42032675
0.90344225	0.39975675	-0.154930725
0.39534275	0.90347275	-0.1657134
0.95945	0.253708	-0.122860175
0.35825275	0.831049	-0.42549
0.4511905	0.65401275	-0.607206
0.464593	0.4319335	-0.7730505
0.81298	0.48403025	-0.3237405
0.5029805	0.76011725	-0.411403
0.062584	0.97993375	-0.1886837
0.061875475	0.189639825	-0.9797875
0.9779895	0.0680188	-0.196943425
0.193477	0.067284275	-0.97872675
0.19987815	0.97754225	-0.065545
0.9731655	0.147770775	-0.176407975
0.193258575	0.1397957	-0.971141
0.19446715	0.9711	-0.13839755
0.4422305	0.31375025	-0.8402515
0.41499475	0.86620575	-0.27838225
0.0546787	0.98991625	-0.129343725
0.056375625	0.111627725	-0.9919965
0.77824775	0.258103	-0.5724875
0.1339037	0.5856305	-0.79945175
0.57499425	0.47108775	-0.6689275
0.871127	0.3674235	-0.325838
0.1475922	0.6958425	-0.702879
0.39607575	0.6281025	-0.669797
0.6502155	0.2662675	-0.7115815
0.73687475	0.599898	-0.31171225
0.69173225	0.6717525	-0.265108
0.711533	0.22134025	-0.6669
0.1096979	0.79211075	-0.60044825
0.5684265	0.3872705	-0.72589975
0.83239825	0.2371802	-0.500885
0.83784525	0.51930025	-0.168417
0.5245675	0.61279975	-0.59101825
0.78938175	0.542251	-0.28786925
0.118326375	0.82754475	-0.54879825
0.71368825	0.6727195	-0.1952463
0.33065375	0.77686075	-0.53589575
0.224857475	0.41843075	-0.87998825
0.71206975	0.438186	-0.54859975
0.370598	0.691599	-0.61997375
0.36610725	0.7408955	-0.5630825
0.648373	0.47068475	-0.5983905
0.555805	0.7976515	-0.234217625
0.27162975	0.85475375	-0.44231325
0.332284	0.280125	-0.9006365
0.1039438	0.53841525	-0.8362505
0.27950925	0.47038475	-0.83704425
0.2526225	0.88318025	-0.395227
0.072883975	0.8600285	-0.504889
0.8782225	0.2205529	-0.42438825
0.64143825	0.63242175	-0.4342935
0.5346745	0.549104	-0.6423465
0.85201625	0.43820275	-0.28648475
0.629345	0.73907825	-0.240234975
0.30086375	0.81828125	-0.489821
0.829693	0.41978275	-0.3679965
0.6056175	0.2129829	-0.766741
0.38967025	0.3878535	-0.8353195
0.67044575	0.5726245	-0.47181675
0.389589	0.0620913	-0.91874775
0.88876575	0.28320375	-0.36044125
0.2359687	0.90785175	-0.34662625
0.6108705	0.3285745	-0.7203485
0.911824	0.2019903	-0.357487
0.88825425	0.44724325	-0.10482845
0.672712	0.65115125	-0.35139925
0.516837	0.66623075	-0.537603
0.799049	0.4101235	-0.4397115
0.2128399	0.30328325	-0.928838
0.39706475	0.91429325	-0.079837025
0.09475475	0.894517	-0.43688625
0.3471345	0.89852	-0.268676
0.2496868	0.535884	-0.80654475
0.219142675	0.93089575	-0.292286
0.490285	0.7141475	-0.4996265
0.56597775	0.766611	-0.30331575
0.45338275	0.3815625	-0.80552975
0.6042535	0.68934975	-0.39961425
0.52533125	0.84731325	-0.0775468
0.368759	0.32996975	-0.86900475
0.691474	0.506007	-0.51558625
0.55839125	0.74063925	-0.3737315
0.783837	0.472185	-0.40332075
0.238119375	0.348314	-0.90664375
0.4738385	0.49288975	-0.72976225
0.513896	0.377705	-0.77023975
0.85843925	0.171917125	-0.48326875
0.59412475	0.616959	-0.51611675
0.1028833	0.92944175	-0.3543455
0.41921575	0.836701	-0.35244975
0.54199775	0.825047	-0.159860875
0.442299	0.795142	-0.41490675
0.34806125	0.20292765	-0.915256
0.34589575	0.91595875	-0.2034583
0.40974075	0.238783775	-0.88041
0.75963625	0.1464269	-0.6336645
0.084756225	0.380283	-0.9209785
0.067671575	0.96047175	-0.2697455
0.40834525	0.4394795	-0.8000865
0.48609325	0.2441343	-0.83913
0.73173725	0.52168625	-0.438654
0.0660821	0.25667875	-0.96414525
0.48389275	0.84807325	-0.215970925
0.766018	0.53608325	-0.35475925
0.38401575	0.7922245	-0.474278
0.29360125	0.17645375	-0.93950975
0.94599625	0.137803575	-0.29345025
0.275442	0.63496825	-0.72178425
0.130704625	0.42842025	-0.89408375
0.90032025	0.0810974	-0.4275725
0.074850225	0.479666	-0.8741965
0.2950895	0.94304175	-0.153650775
0.548914	0.258164	-0.7950305
0.5030235	0.315915	-0.80448175
0.46260625	0.757178	-0.46118675
0.729433	0.08548005	-0.67867825
0.922758	0.1168124	-0.36726475
0.5326015	0.72461175	-0.4373625
0.130048575	0.29565775	-0.946406
0.4075055	0.88701925	-0.2171636
0.349935	0.92725325	-0.1332622
0.4980745	0.78912175	-0.35949275
0.27122875	0.30611625	-0.9125535
0.3372935	0.12195865	-0.933471
0.16761155	0.90399075	-0.39335375
0.14467765	0.948572	-0.28158775
0.230636625	0.83764625	-0.49515725
0.33278475	0.8642825	-0.37722975
0.314352	0.057963375	-0.94736325
0.96565125	0.1178321	-0.231603575
0.3659195	0.8730385	-0.322396
0.1123633	0.22426975	-0.96803075
0.3140625	0.946384	-0.07523075
0.3137435	0.40244975	-0.8600185
0.278181	0.91373425	-0.2961925
0.95286625	0.2326019	-0.1948267
0.44295525	0.885197	-0.142245025
0.1163229	0.96787125	-0.2229366
0.469236	0.1670743	-0.867136
0.184270975	0.22124375	-0.9576575
0.4285755	0.70651325	-0.5631845
0.247636975	0.962491	-0.1108724
0.94416425	0.0623356	-0.3231345
0.26050675	0.1137302	-0.958753
0.2435968	0.79350125	-0.557712
0.1884763	0.95807125	-0.215842575
0.9901885	0.067546675	-0.121913125
0.135889725	0.98799	-0.073314525
0.1129913	0.0672911	-0.9912635
0.8603275	0.50125975	-0.0926506
0.72943975	0.3095085	-0.61004025
0.72550975	0.36763025	-0.5818085
0.69221	0.291488	-0.6602295
0.6364335	0.391771	-0.664441
0.1970584	0.7119215	-0.67406175
0.80837525	0.5784665	-0.109172775
0.6547855	0.33057225	-0.6797075
0.807004	0.34469925	-0.4795375
0.064111675	0.594194	-0.801604
0.84841675	0.47922375	-0.22485355
0.058393475	0.76660125	-0.63919975
0.210772425	0.60322475	-0.769234
0.467133	0.077878125	-0.880715
0.92114175	0.05262465	-0.38510825
0.89079275	0.37195	-0.26109325
0.80696625	0.289628	-0.51472925
0.05039945	0.53686925	-0.841893
0.79843125	0.57401375	-0.181763175
0.79808425	0.1110744	-0.59223
0.07296165	0.43147825	-0.89910475
0.6850195	0.40355925	-0.60655225
0.51883225	0.5017	-0.6921845
0.83796125	0.11383955	-0.533735
0.46736675	0.881107	-0.0712492
0.32323225	0.65934275	-0.678832
0.870606	0.464149	-0.1631913
0.770056	0.3270085	-0.5478205
0.05298765	0.81889975	-0.57112575
0.424118	0.55671075	-0.71429225
0.59754075	0.063447875	-0.799159
0.9178145	0.389108	-0.078534525
0.68614625	0.1142219	-0.71844875
0.59750675	0.528569	-0.60298925
0.1610465	0.7916495	-0.58938625
0.601475	0.78101725	-0.168111775
0.1788623	0.5394945	-0.82278625
0.759544	0.60805325	-0.23106505
0.4706135	0.59195325	-0.65430625
0.2986735	0.574458	-0.762112
0.66594575	0.72605375	-0.1714179
0.0466568	0.92094825	-0.38622375
0.923457	0.3050075	-0.23285625
0.669739	0.190779075	-0.71768875
0.56761625	0.1088023	-0.816079
0.8765845	0.113331825	-0.46772475
0.584129	0.80740975	-0.08277675
0.9032155	0.31566725	-0.290836
0.82618675	0.49506975	-0.26898
0.846278	0.2913565	-0.44604075
0.25630325	0.96503925	-0.0505707
0.1301883	0.64635275	-0.7518615
0.29781125	0.73653	-0.60733775
0.90997475	0.359262	-0.20711755
0.9630575	0.0646261	-0.26104625
0.259063	0.0476664	-0.964424
0.580848	0.574706	-0.57647925
0.81433075	0.054786075	-0.57747475
0.129943225	0.745999	-0.65315825
0.88785025	0.45669525	-0.0522018
0.520489	0.445061	-0.7287135
0.420424	0.49238525	-0.762117
0.40324575	0.14393295	-0.9037095
0.04363975	0.941026	-0.33468
0.761593	0.62965175	-0.1534093
0.0566422	0.319536	-0.94569475
0.036815175	0.9978795	-0.0392672
0.18061495	0.83275125	-0.52337975
0.76255825	0.392412	-0.51433075
0.757206	0.214565725	-0.6169475
0.81214775	0.5382405	-0.225256425
0.8622585	0.053163575	-0.5032625
0.878967	0.42295025	-0.220349325
0.131436575	0.8591645	-0.49454525
0.320552	0.69536625	-0.643221
0.214926975	0.74627075	-0.6300065
0.75986725	0.64607675	-0.070871775
0.35019025	0.6008995	-0.71854625
0.71175275	0.69155775	-0.123167025
0.070310825	0.70548325	-0.7051085
0.709644	0.702135	-0.0550376
0.32105175	0.511262	-0.7972225
0.0421729	0.88154175	-0.46963275
0.97067325	0.2032206	-0.128454475
0.93395525	0.323411	-0.1521439
0.65658725	0.74925375	-0.08662125
0.972944	0.22306965	-0.0574729
0.948263	0.30963775	-0.06915195
0.6984805	0.053474225	-0.713346
0.620357	0.134023875	-0.772793
0.051014425	0.6511945	-0.756907
0.67625225	0.703554	-0.21844555
0.156330325	0.106426125	-0.98195575
0.735044	0.2595375	-0.62640075
0.048780725	0.050693975	-0.9970955
0.204757	0.665923	-0.71738875
0.7712725	0.06681865	-0.6328165
0.3650365	0.53827025	-0.75962775
0.655566	0.0609866	-0.7524715
0.373139	0.48782675	-0.789189
0.217949125	0.4908185	-0.843575
0.5344695	0.059422525	-0.84290625
0.54521875	0.176606325	-0.8194935
0.51791375	0.11839715	-0.847208
0.59555925	0.2782275	-0.75360725
0.9959995	0.0723178	-0.047486025
0.8333485	0.550001	-0.05088555
0.803342	0.59328975	-0.0464534
-0.5423575	0.4834545	-0.687118
-0.75084	0.41144575	-0.516693
-0.30864925	0.57308675	-0.759164
-0.8213805	0.4889405	-0.2937675
-0.58526775	0.71176525	-0.388414
-0.36471575	0.832099	-0.4178805
-0.89085575	0.3109765	-0.33121075
-0.35094525	0.2985995	-0.8875265
-0.244350325	0.27101125	-0.931058
-0.93187275	0.2736655	-0.238207475
-0.180903175	0.240625675	-0.9536185
-0.953679	0.242183725	-0.178487875
-0.1505249	0.1244966	-0.98073775
-0.9801525	0.124609975	-0.1541978
-0.1239477	0.9751305	-0.183741575
-0.99398075	0.07232945	-0.082120975
-0.351828	0.68961	-0.6329905
-0.70953175	0.627662	-0.32035575
-0.4559855	0.74845325	-0.4815745
-0.4534565	0.34752825	-0.82074975
-0.6923795	0.26261625	-0.6720645
-0.14898075	0.7477215	-0.64709825
-0.553363	0.63237	-0.5421265
-0.27561575	0.94092775	-0.196738875
-0.87126725	0.188339975	-0.45326
-0.48354425	0.15338055	-0.8617875
-0.17416215	0.5197665	-0.83638075
-0.85984475	0.49385075	-0.12958285
-0.67589425	0.56711025	-0.47070375
-0.92296775	0.169190775	-0.3457215
-0.368697	0.168487975	-0.91416275
-0.420686	0.884795	-0.200455025
-0.90347275	0.39534275	-0.165713075
-0.136604875	0.95610425	-0.25925375
-0.83105075	0.3582535	-0.425486
-0.3209945	0.945026	-0.059965025
-0.65422675	0.45129375	-0.6068985
-0.43234575	0.4650905	-0.77252075
-0.494252	0.8040705	-0.33047475
-0.76013875	0.50298425	-0.41135875
-0.205972275	0.95586675	-0.209540775
-0.97993375	0.062584125	-0.18868365
-0.1896398	0.061876175	-0.9797875
-0.0672848	0.193478775	-0.9787265
-0.97754225	0.1998782	-0.06554485
-0.11430685	0.99147975	-0.06069565
-0.1397966	0.1932611	-0.9711405
-0.9711	0.19446725	-0.138397375
-0.31382825	0.4423595	-0.8401545
-0.2120225	0.966966	-0.141531325
-0.06967645	0.990463	-0.11856535
-0.30710075	0.89415575	-0.325892
-0.866206	0.414995	-0.2783815
-0.98991625	0.054678775	-0.129343675
-0.111627725	0.056376275	-0.9919965
-0.2685185	0.7865595	-0.55610325
-0.39137875	0.76240875	-0.5153385
-0.585637	0.133913225	-0.79944575
-0.47255025	0.5760035	-0.6670245
-0.28335925	0.63159925	-0.72167475
-0.695859	0.147609725	-0.702859
-0.6282995	0.396227	-0.66952275
-0.2172629	0.72351175	-0.65525075
-0.600725	0.74038925	-0.30162725
-0.67614675	0.68700975	-0.266215
-0.38859125	0.56970625	-0.7241885
-0.79211275	0.1096993	-0.6004455
-0.521651	0.83169875	-0.1902107
-0.613301	0.524754	-0.59033225
-0.53132425	0.80374575	-0.26779775
-0.82754675	0.118328075	-0.54879475
-0.37419775	0.86263875	-0.340385
-0.25817575	0.87947725	-0.3998685
-0.67489975	0.71141725	-0.1960077
-0.7768795	0.33066225	-0.535863
-0.4184485	0.224883075	-0.87997325
-0.69169225	0.37065375	-0.61983625
-0.7409405	0.366125	-0.56301175
-0.43836725	0.7130665	-0.54715825
-0.45856225	0.886376	-0.06142025
-0.79767025	0.555762	-0.2342556
-0.854754	0.27163025	-0.4423125
-0.28014025	0.33231	-0.90062225
-0.538418	0.1039486	-0.83624825
-0.472745	0.649321	-0.595732
-0.4704525	0.279594	-0.83697775
-0.177540425	0.8963175	-0.40634375
-0.88318025	0.25262275	-0.3952265
-0.86002925	0.07288475	-0.50488775
-0.2860975	0.84449925	-0.452766
-0.63272375	0.641341	-0.43399675
-0.146828625	0.7943815	-0.5894215
-0.5499295	0.53515575	-0.641239
-0.065824175	0.78035	-0.62168325
-0.73989225	0.628127	-0.240916475
-0.818287	0.3008665	-0.48980975
-0.081247075	0.82062075	-0.5656305
-0.38795875	0.38982275	-0.8351995
-0.369805	0.889737	-0.267656
-0.3391575	0.611216	-0.7151305
-0.57371375	0.6701435	-0.47092125
-0.062102375	0.38962475	-0.918732
-0.366305	0.92161925	-0.128261325
-0.90785175	0.235969025	-0.346626
-0.65158225	0.672179	-0.35162025
-0.66644175	0.51688475	-0.5372955
-0.303284	0.212841925	-0.9288375
-0.91429325	0.39706475	-0.0798367
-0.89451725	0.094755325	-0.4368855
-0.085287925	0.91392575	-0.3968195
-0.89852	0.34713475	-0.26867575
-0.4328475	0.822602	-0.36877525
-0.53594425	0.249759125	-0.80648225
-0.2542545	0.9299835	-0.26553375
-0.93089575	0.21914295	-0.292286
-0.44699875	0.8469525	-0.28790775
-0.7142335	0.49030425	-0.49948475
-0.381733	0.45361975	-0.80531575
-0.76663075	0.56594	-0.30333725
-0.84731675	0.52532475	-0.077553775
-0.68949925	0.604142	-0.39952525
-0.3300115	0.368825	-0.868961
-0.74068275	0.55836725	-0.3736815
-0.41105125	0.79403725	-0.44784875
-0.50872	0.69125875	-0.51319925
-0.348317	0.23812505	-0.90664125
-0.4934125	0.474401	-0.729043
-0.37831325	0.51461725	-0.769459
-0.92944175	0.1028836	-0.3543455
-0.6175465	0.594125	-0.5154135
-0.836704	0.4192165	-0.352442
-0.82505075	0.54198975	-0.159868275
-0.7951495	0.44230075	-0.41489025
-0.47906125	0.7797565	-0.40312075
-0.202941725	0.34809175	-0.91524125
-0.91595875	0.34589575	-0.203457975
-0.2388239	0.40982825	-0.88035875
-0.34267225	0.91848925	-0.197413925
-0.380283	0.08475715	-0.9209785
-0.439699	0.40861675	-0.7998275
-0.96047175	0.067671775	-0.2697455
-0.2467246	0.4797875	-0.84199725
-0.5922415	0.80253	-0.070966125
-0.25667875	0.066082875	-0.96414525
-0.8480735	0.483893	-0.215969725
-0.165787525	0.687612	-0.70691275
-0.096444325	0.51217275	-0.8534565
-0.79223225	0.38401825	-0.474263
-0.176458725	0.29361125	-0.93950575
-0.63503875	0.27551225	-0.7216955
-0.42842125	0.13070705	-0.89408325
-0.47966725	0.074852775	-0.8741955
-0.524883	0.7299045	-0.43789325
-0.94304175	0.29508975	-0.153650525
-0.2394073	0.547385	-0.8019235
-0.084122625	0.71919475	-0.68967875
-0.5395385	0.76279075	-0.35647075
-0.75721275	0.462614	-0.461122
-0.31620525	0.5034635	-0.8040925
-0.1251647	0.87978325	-0.45861625
-0.72468775	0.5325855	-0.43725625
-0.295658	0.1300498	-0.946406
-0.1973615	0.937434	-0.2868495
-0.8870195	0.40750575	-0.217163025
-0.92725325	0.34993525	-0.133261875
-0.78913625	0.49806425	-0.359475
-0.3061235	0.2712415	-0.91254725
-0.121967275	0.337318	-0.93346125
-0.289432	0.9479905	-0.132490775
-0.320125	0.86202725	-0.39301675
-0.17989355	0.5736955	-0.7990835
-0.90399075	0.167611875	-0.39335375
-0.948572	0.1446779	-0.28158775
-0.8376495	0.230638475	-0.495151
-0.86428325	0.3327855	-0.3772275
-0.0579665	0.3143625	-0.9473595
-0.87303925	0.36592	-0.32239375
-0.22426995	0.112364525	-0.96803075
-0.946384	0.3140625	-0.0752305
-0.4024915	0.31380575	-0.85997625
-0.91373425	0.27818125	-0.29619225
-0.227434875	0.91235625	-0.34044475
-0.885197	0.44295525	-0.1422444
-0.96787125	0.1163231	-0.222936525
-0.1568026	0.470425	-0.86840775
-0.221244825	0.1842734	-0.957657
-0.962491	0.24763705	-0.110872175
-0.7066045	0.42860075	-0.563051
-0.1137328	0.260514	-0.95875075
-0.79351375	0.2436051	-0.5576905
-0.95807125	0.188476475	-0.215842425
-0.0733178	0.94485375	-0.31904575
-0.25715175	0.96391175	-0.06783525
-0.046644375	0.9815785	-0.18387735
-0.98799	0.1358898	-0.073314425
-0.0672912	0.112992075	-0.9912635
-0.372269	0.7289205	-0.574551
-0.31136175	0.73925675	-0.5971425
-0.28316775	0.7095675	-0.64525425
-0.3943725	0.6379205	-0.661469
-0.71194675	0.197082725	-0.674028
-0.55276775	0.82262075	-0.133252175
-0.3159655	0.66199975	-0.679667
-0.59419725	0.0641162	-0.80160125
-0.76660275	0.058394975	-0.63919775
-0.60326525	0.2108181	-0.76918975
-0.075742675	0.4548495	-0.88729425
-0.4802355	0.84725225	-0.227075575
-0.2927	0.8113965	-0.5059525
-0.5368705	0.050401675	-0.841892
-0.4888485	0.8634995	-0.1241272
-0.0919035	0.665642	-0.7405965
-0.50252325	0.5195085	-0.691079
-0.429022	0.89449	-0.1258576
-0.43147875	0.07296325	-0.89910425
-0.064341425	0.96755475	-0.24392535
-0.40698675	0.68534275	-0.603891
-0.88110725	0.4673665	-0.071248975
-0.6594345	0.32330925	-0.67870625
-0.05758325	0.61264975	-0.78803375
-0.55705275	0.42443225	-0.71383875
-0.81890025	0.0529883	-0.57112475
-0.46920325	0.86607275	-0.172592625
-0.565141	0.79999	-0.201626675
-0.529841	0.59804725	-0.6013345
-0.79165625	0.161052025	-0.58937575
-0.78110375	0.6013215	-0.168258275
-0.3275095	0.772621	-0.54389575
-0.59237125	0.47088725	-0.6537305
-0.539519	0.178892475	-0.82276375
-0.574575	0.298797	-0.7619755
-0.2478432	0.67560875	-0.69437225
-0.11786035	0.56867425	-0.814083
-0.92094825	0.046657	-0.38622375
-0.7248525	0.66706275	-0.17215675
-0.236574875	0.8254455	-0.51254325
-0.151305175	0.9302055	-0.33442375
-0.80744725	0.584069	-0.08283665
-0.63362175	0.737068	-0.235113975
-0.395244	0.91623425	-0.063671
-0.20629525	0.86280125	-0.461565
-0.0702807	0.855743	-0.51244875
-0.206446775	0.79479075	-0.5707095
-0.96503925	0.25630325	-0.05057055
-0.64636925	0.13020685	-0.751844
-0.7365705	0.2978385	-0.607275
-0.247965375	0.75147125	-0.61141775
-0.30959725	0.91670975	-0.252624
-0.047667525	0.2590665	-0.964423
-0.57560775	0.581105	-0.5753195
-0.4459265	0.52129275	-0.72760875
-0.74600625	0.12994985	-0.65314875
-0.19375735	0.76310025	-0.6165705
-0.492706	0.42077725	-0.76171475
-0.1439821	0.40331975	-0.90366875
-0.941026	0.0436399	-0.33468
-0.15413595	0.83620625	-0.52632725
-0.319536	0.05664295	-0.94569475
-0.9978795	0.036815175	-0.039267175
-0.6208905	0.76791575	-0.157543925
-0.8327555	0.180618075	-0.523372
-0.344668	0.80494675	-0.483005
-0.859166	0.131438	-0.49454225
-0.69543075	0.3205995	-0.6431275
-0.74629275	0.2149454	-0.6299745
-0.5277255	0.8467465	-0.06554455
-0.60107475	0.350354	-0.71831975
-0.692146	0.711268	-0.122661725
-0.70548825	0.070316375	-0.705103
-0.7047825	0.7070955	-0.053844
-0.139272075	0.6227825	-0.76991
-0.51139325	0.32120075	-0.79707825
-0.881542	0.042173275	-0.4696325
-0.65439575	0.75294575	-0.068103025
-0.5912185	0.77163375	-0.234670175
-0.051658875	0.99698225	-0.050713575
-0.74955	0.6562625	-0.08651605
-0.056599725	0.885088	-0.46157875
-0.6511985	0.05101915	-0.7569035
-0.10642655	0.1563318	-0.98195575
-0.7050275	0.6744515	-0.219260775
-0.144027525	0.982833	-0.115315075
-0.222357	0.61971275	-0.75268625
-0.050694	0.0487812	-0.9970955
-0.183722575	0.9807685	-0.06452695
-0.66595875	0.2047933	-0.71734525
-0.53848225	0.3652585	-0.75937075
-0.48802925	0.373371	-0.788954
-0.4908545	0.2179943	-0.8435425
-0.054673525	0.5524255	-0.83153375
-0.48299975	-0.5418015	-0.687876
-0.4114395	-0.75081625	-0.5167325
-0.55587825	-0.32175975	-0.76648325
-0.4889405	-0.82137925	-0.29377125
-0.71240075	-0.58447375	-0.3884445
-0.8457385	-0.35278725	-0.40037275
-0.3109765	-0.89085575	-0.33121075
-0.2985785	-0.35093275	-0.8875385
-0.27100225	-0.244345075	-0.931062
-0.2736655	-0.93187275	-0.238207475
-0.92562625	-0.227557625	-0.3024195
-0.2406239	-0.18090215	-0.95361925
-0.242183725	-0.953679	-0.178487875
-0.1244962	-0.15052465	-0.980738
-0.124609975	-0.9801525	-0.1541978
-0.98015125	-0.12888335	-0.150653325
-0.98940475	-0.12326635	-0.076652625
-0.07232945	-0.99398075	-0.082120975
-0.6856205	-0.34679675	-0.64006175
-0.6276615	-0.7095215	-0.32037925
-0.7483765	-0.4591775	-0.4786515
-0.34737425	-0.45333425	-0.8208825
-0.2625775	-0.6923355	-0.672125
-0.80883125	-0.176471675	-0.56095625
-0.63222525	-0.55193625	-0.54374725
-0.188339625	-0.8712665	-0.4532615
-0.153370225	-0.48353675	-0.8617935
-0.49385075	-0.85984475	-0.129583075
-0.56708475	-0.6757525	-0.470938
-0.169190775	-0.92296775	-0.3457215
-0.168487975	-0.368697	-0.91416275
-0.9018105	-0.143135075	-0.407755
-0.89651975	-0.407232	-0.174456825
-0.39534275	-0.90347275	-0.165713075
-0.95463875	-0.25991725	-0.145321675
-0.358253	-0.831049	-0.42548975
-0.45119075	-0.65401275	-0.60720575
-0.464593	-0.4319335	-0.7730505
-0.97315675	-0.193310525	-0.12490485
-0.926872	-0.062571125	-0.3697795
-0.81234825	-0.484603	-0.324469
-0.50298075	-0.76011725	-0.4114025
-0.062584125	-0.97993375	-0.18868365
-0.061876175	-0.1896398	-0.9797875
-0.193477225	-0.06728425	-0.97872675
-0.1998782	-0.97754225	-0.06554485
-0.193258975	-0.13979565	-0.971141
-0.19446725	-0.9711	-0.138397375
-0.44223075	-0.31375025	-0.8402515
-0.9554015	-0.074799975	-0.28557425
-0.41499475	-0.86620575	-0.278382
-0.054678775	-0.98991625	-0.129343675
-0.0563762	-0.1116277	-0.9919965
-0.9526975	-0.158608225	-0.25927575
-0.77845925	-0.2580215	-0.57223675
-0.133904375	-0.5856305	-0.79945175
-0.5749935	-0.471088	-0.66892825
-0.878192	-0.36166175	-0.31306625
-0.14759275	-0.69584225	-0.702879
-0.396076	-0.6281025	-0.66979675
-0.64902375	-0.26677275	-0.7124795
-0.73742925	-0.59855625	-0.31297725
-0.69179075	-0.67004925	-0.26923325
-0.7065215	-0.22443255	-0.67118025
-0.109698425	-0.79211075	-0.60044825
-0.5684265	-0.3872705	-0.7259
-0.832814	-0.236189575	-0.5006615
-0.838391	-0.512188	-0.18650945
-0.52456675	-0.6128	-0.5910185
-0.7974335	-0.5415945	-0.26608975
-0.11832685	-0.82754475	-0.54879825
-0.71401375	-0.6712935	-0.198930125
-0.330654	-0.77686075	-0.5358955
-0.224857975	-0.41843075	-0.87998825
-0.71202675	-0.43820625	-0.54863925
-0.37059825	-0.691599	-0.6199735
-0.3661075	-0.7408955	-0.56308225
-0.648362	-0.470689	-0.59839875
-0.55580325	-0.7976525	-0.234218925
-0.27163	-0.85475375	-0.44231325
-0.3322845	-0.280125	-0.90063625
-0.103944525	-0.53841525	-0.8362505
-0.27950975	-0.47038475	-0.837044
-0.91100875	-0.33157775	-0.245247025
-0.87911675	-0.2181819	-0.42376125
-0.25262275	-0.88318025	-0.39522675
-0.07288435	-0.8600285	-0.504889
-0.6414345	-0.6324235	-0.43429625
-0.5346735	-0.54910425	-0.64234725
-0.6289895	-0.7390655	-0.241204
-0.85608275	-0.428895	-0.28844175
-0.300864	-0.81828125	-0.489821
-0.8290195	-0.42037175	-0.368841
-0.6054785	-0.214152575	-0.766525
-0.3896705	-0.3878535	-0.8353195
-0.6704415	-0.57262675	-0.47181975
-0.389589	-0.062091275	-0.918748
-0.235969025	-0.90785175	-0.346626
-0.61061575	-0.32868675	-0.72051325
-0.67269225	-0.6511625	-0.351417
-0.516837	-0.66623075	-0.537603
-0.9054605	-0.2052695	-0.37152125
-0.798633	-0.41038225	-0.44022525
-0.2128404	-0.30328325	-0.928838
-0.39706475	-0.91429325	-0.079836725
-0.09475515	-0.894517	-0.43688625
-0.34713475	-0.89852	-0.26867575
-0.2496873	-0.53588375	-0.80654475
-0.88670325	-0.28245475	-0.3660645
-0.21914295	-0.93089575	-0.292286
-0.49028525	-0.7141475	-0.49962625
-0.56597625	-0.766612	-0.303317
-0.453383	-0.3815625	-0.80552975
-0.60424925	-0.6893515	-0.39961725
-0.52533075	-0.8473135	-0.0775467
-0.36875925	-0.32996975	-0.86900475
-0.6914655	-0.50601125	-0.51559375
-0.93642175	-0.2671205	-0.2275545
-0.55839025	-0.74063975	-0.373732
-0.78360475	-0.472352	-0.40357625
-0.238119875	-0.348314	-0.90664375
-0.9251595	-0.34073625	-0.167322
-0.47383875	-0.49288975	-0.72976225
-0.859279	-0.147819825	-0.4897
-0.513896	-0.377705	-0.77023975
-0.59412325	-0.61695975	-0.51611775
-0.1028836	-0.92944175	-0.3543455
-0.419216	-0.836701	-0.3524495
-0.5419975	-0.825047	-0.159860775
-0.44229925	-0.795142	-0.4149065
-0.3480615	-0.2029276	-0.915256
-0.34589575	-0.91595875	-0.203458
-0.40974075	-0.238783725	-0.88041025
-0.76833675	-0.132073425	-0.62628275
-0.084757	-0.380283	-0.9209785
-0.067671775	-0.96047175	-0.2697455
-0.40834575	-0.4394795	-0.8000865
-0.486124	-0.244177025	-0.8391
-0.95694	-0.28411375	-0.056561775
-0.731666	-0.52172975	-0.43872125
-0.066082825	-0.25667875	-0.96414525
-0.483893	-0.84807325	-0.215970525
-0.765874	-0.53618775	-0.3549125
-0.38401625	-0.7922245	-0.474278
-0.2936015	-0.1764537	-0.93950975
-0.2754425	-0.634968	-0.72178425
-0.130705375	-0.42842025	-0.894084
-0.0748509	-0.479666	-0.8741965
-0.29508975	-0.94304175	-0.153650525
-0.88699425	-0.0654406	-0.45687475
-0.548886	-0.25842825	-0.79496425
-0.50302375	-0.315915	-0.80448175
-0.4626065	-0.757178	-0.4611865
-0.7211515	-0.1460164	-0.67722675
-0.93036125	-0.148166075	-0.3353935
-0.5326005	-0.72461225	-0.43736275
-0.130049325	-0.29565775	-0.94640625
-0.40750575	-0.88701925	-0.217163275
-0.34993525	-0.92725325	-0.133261875
-0.49807425	-0.789122	-0.35949275
-0.271229	-0.306116	-0.91255325
-0.3372935	-0.1219586	-0.933471
-0.167611875	-0.90399075	-0.39335375
-0.1446779	-0.948572	-0.28158775
-0.230637	-0.83764625	-0.49515725
-0.33278525	-0.8642825	-0.3772295
-0.31435225	-0.05796335	-0.94736325
-0.36592	-0.8730385	-0.32239575
-0.1123641	-0.2242697	-0.96803075
-0.3140625	-0.946384	-0.0752305
-0.313744	-0.40244975	-0.86001825
-0.27818125	-0.91373425	-0.29619225
-0.9718775	-0.0998484	-0.2132797
-0.44295525	-0.885197	-0.142244625
-0.1163231	-0.96787125	-0.222936525
-0.469333	-0.167144425	-0.86707
-0.1842715	-0.2212437	-0.9576575
-0.9619465	-0.190139725	-0.196252
-0.42857575	-0.70651325	-0.56318425
-0.24763705	-0.962491	-0.110872175
-0.260507	-0.113730175	-0.958753
-0.2435972	-0.793501	-0.55771175
-0.188476475	-0.95807125	-0.21584245
-0.1358898	-0.98799	-0.073314425
-0.112991775	-0.067291075	-0.9912635
-0.858336	-0.50388375	-0.09679725
-0.93697775	-0.34179425	-0.07166825
-0.7294685	-0.30945375	-0.61003375
-0.7254765	-0.367613	-0.581861
-0.69235625	-0.29145525	-0.66009075
-0.636429	-0.391772	-0.66444475
-0.197058875	-0.7119215	-0.67406175
-0.9071855	-0.40686	-0.1071824
-0.87870925	-0.45637975	-0.1400131
-0.795181	-0.5966	-0.1084757
-0.65478575	-0.33056675	-0.67970975
-0.806683	-0.34466625	-0.480101
-0.0641122	-0.59419375	-0.801604
-0.058393875	-0.76660125	-0.63919975
-0.21077295	-0.60322475	-0.769234
-0.46722975	-0.077937575	-0.88065875
-0.8069415	-0.289212	-0.515002
-0.0503999	-0.53686925	-0.841893
-0.072962325	-0.431478	-0.89910475
-0.685	-0.403563	-0.60657175
-0.798112	-0.57386025	-0.18364005
-0.518832	-0.5017	-0.69218475
-0.801948	-0.09955995	-0.58904875
-0.46736675	-0.881107	-0.07124885
-0.32323275	-0.65934275	-0.67883175
-0.91392075	-0.402764	-0.0446959
-0.76998675	-0.32688675	-0.54799025
-0.05298795	-0.81889975	-0.57112575
-0.424118	-0.55671075	-0.71429225
-0.60771975	-0.06830535	-0.791085
-0.6818545	-0.12470145	-0.720789
-0.5975035	-0.52857025	-0.6029915
-0.94993925	-0.293749	-0.1064634
-0.161046975	-0.7916495	-0.58938625
-0.6014675	-0.7810215	-0.168117825
-0.178862875	-0.5394945	-0.82278625
-0.47061325	-0.59195325	-0.65430625
-0.298674	-0.574458	-0.762112
-0.66670425	-0.72486325	-0.1734964
-0.046656975	-0.92094825	-0.38622375
-0.66748775	-0.190896825	-0.719752
-0.84592525	-0.29070675	-0.4471325
-0.584126	-0.80741175	-0.082778925
-0.89200525	-0.3853935	-0.236276525
-0.907563	-0.29879975	-0.29508675
-0.25630325	-0.96503925	-0.05057055
-0.13018895	-0.6463525	-0.7518615
-0.29781175	-0.73652975	-0.6073375
-0.259063	-0.047666375	-0.964424
-0.58084625	-0.57470675	-0.5764805
-0.1299438	-0.745999	-0.65315825
-0.7989735	-0.0434026	-0.599363
-0.83716425	-0.481961	-0.2586485
-0.52048875	-0.445061	-0.7287135
-0.42042425	-0.49238525	-0.762117
-0.403246	-0.1439329	-0.9037095
-0.0436399	-0.941026	-0.33468
-0.8886095	-0.45419625	-0.061614125
-0.76327425	-0.6259165	-0.160191825
-0.97323325	-0.218011475	-0.072223475
-0.056642825	-0.31953575	-0.94569475
-0.84199175	-0.06941525	-0.53484225
-0.036815175	-0.9978795	-0.039267175
-0.18061535	-0.83275125	-0.5233795
-0.75446275	-0.2001366	-0.6251025
-0.762381	-0.39244175	-0.51457075
-0.868653	-0.44685525	-0.213980525
-0.131437	-0.8591645	-0.494545
-0.32055225	-0.69536625	-0.64322075
-0.214927425	-0.74627075	-0.6300065
-0.7572395	-0.64900875	-0.0723255
-0.3501905	-0.6008995	-0.718546
-0.71251025	-0.690275	-0.12595225
-0.070311325	-0.70548325	-0.7051085
-0.70994525	-0.701749	-0.05620895
-0.32105225	-0.511262	-0.7972225
-0.042173125	-0.88154175	-0.46963275
-0.94576475	-0.211256775	-0.246812675
-0.75224575	-0.6156725	-0.234731425
-0.65686275	-0.7489135	-0.087496775
-0.98751025	-0.065718375	-0.1427107
-0.657569	-0.0670616	-0.75026075
-0.62427025	-0.1403288	-0.768512
-0.051014825	-0.6511945	-0.756907
-0.1563307	-0.106426075	-0.981956
-0.67645825	-0.702503	-0.221172575
-0.73543675	-0.25939	-0.62600075
-0.048781125	-0.05069395	-0.9970955
-0.204757475	-0.66592275	-0.71738875
-0.36503675	-0.53827025	-0.75962775
-0.82945425	-0.123716025	-0.54471275
-0.37313925	-0.48782675	-0.78918875
-0.217949675	-0.4908185	-0.843575
-0.761543	-0.070733525	-0.64411475
-0.5397945	-0.0643604	-0.83918525
-0.5487225	-0.181174525	-0.81615125
-0.521368	-0.12159805	-0.84463225
-0.707789	-0.0686128	-0.7029455
-0.8279805	-0.54697225	-0.123618175
-0.56967725	-0.1155767	-0.813709
-0.59520175	-0.27863325	-0.75373975
-0.82938825	-0.55479525	-0.0637127
-0.799414	-0.598382	-0.04915765
-0.995984	-0.044200725	-0.07418185
0.6824225	-0.5729805	-0.453875
0.4595095	-0.53696575	-0.70747925
0.45868975	-0.75800875	-0.463727
0.82231925	-0.38590075	-0.418212
0.51943225	-0.2691465	-0.81103525
0.34167325	-0.8966795	-0.28151925
0.37049175	-0.3089255	-0.875975
0.93462475	-0.27698675	-0.2231041
0.2378469	-0.29248175	-0.92623275
0.185101575	-0.25415125	-0.949294
0.9814	-0.1232241	-0.14721995
0.152416625	-0.092376075	-0.98399125
0.110551325	-0.982943	-0.146982
0.08567875	-0.993544	-0.07427105
0.9939905	-0.072205175	-0.082107975
0.08257285	-0.068483625	-0.994194
0.315232	-0.44621275	-0.83758825
0.57660075	-0.45275925	-0.6801095
0.26024375	-0.59737425	-0.758581
0.25422425	-0.78366075	-0.5668105
0.53771825	-0.797893	-0.2724955
0.68284575	-0.71509375	-0.149601825
0.52358525	-0.84421475	-0.114772075
0.42934075	-0.87643375	-0.218068575
0.863363	-0.46782225	-0.1891317
0.63284725	-0.521669	-0.5721615
0.16926885	-0.44018775	-0.88181825
0.91858225	-0.16872195	-0.357433
0.9051155	-0.38073425	-0.189286525
0.4623035	-0.64242475	-0.6112045
0.414392	-0.173163675	-0.8934845
0.635564	-0.1587213	-0.7555705
0.56134225	-0.38514025	-0.73251775
0.11496695	-0.95256275	-0.2818045
0.54899975	-0.110719175	-0.82846275
0.36886475	-0.924892	-0.0923099
0.10800255	-0.33648975	-0.935477
0.09803235	-0.90262775	-0.419119
0.089810625	-0.97258775	-0.21450075
0.97990775	-0.061925	-0.1890038
0.1995579	-0.97850775	-0.0467245
0.066746975	-0.189139375	-0.9796075
0.9783425	-0.199738425	-0.0499357
0.1562926	-0.18132795	-0.970928
0.40215325	-0.8083575	-0.42994975
0.217410975	-0.935813	-0.2774985
0.0517425	-0.98765025	-0.14648495
0.3003165	-0.8685805	-0.39422075
0.989921	-0.05449115	-0.129372675
0.05002625	-0.13145205	-0.98983525
0.1186216	-0.575686	-0.80902925
0.20160355	-0.4968075	-0.844133
0.730788	-0.44810825	-0.51493675
0.131301325	-0.67934725	-0.721984
0.7657915	-0.38808575	-0.5128075
0.12369445	-0.759931	-0.6381375
0.25016325	-0.44002375	-0.86245425
0.644209	-0.7178135	-0.26413275
0.62931025	-0.31766675	-0.7092805
0.830186	-0.4256175	-0.3600975
0.403481	-0.53778375	-0.740279
0.83660275	-0.53416075	-0.121577775
0.88513275	-0.205158425	-0.4176985
0.36122275	-0.64509625	-0.67334025
0.7088685	-0.1978525	-0.67703975
0.80839775	-0.352653	-0.47133475
0.65553025	-0.2270477	-0.7202475
0.14317425	-0.8305535	-0.5382355
0.19442405	-0.36029925	-0.91236125
0.690419	-0.65702675	-0.302754
0.645361	-0.46435125	-0.6065405
0.37706825	-0.78546725	-0.490802
0.274797	-0.84391725	-0.460781
0.35355675	-0.233311225	-0.905864
0.250123	-0.70964575	-0.6586875
0.58386975	-0.7994625	-0.141328575
0.43651975	-0.89350075	-0.105436025
0.550397	-0.60757725	-0.5726375
0.43629575	-0.48234375	-0.75961125
0.52541325	-0.5316355	-0.66430725
0.903367	-0.3529975	-0.243615425
0.5928955	-0.74636225	-0.30239425
0.58775375	-0.77721175	-0.224753575
0.734567	-0.58959725	-0.335875
0.59312625	-0.219564725	-0.77460925
0.39385625	-0.90404875	-0.166109725
0.47035775	-0.5865215	-0.6593625
0.539622	-0.1816396	-0.822094
0.57813175	-0.81319875	-0.065051475
0.90518975	-0.239650675	-0.35103575
0.5223005	-0.743789	-0.417133
0.47810425	-0.215955275	-0.8513545
0.68380225	-0.51181475	-0.52006325
0.30785575	-0.1664165	-0.936775
0.929589	-0.22562155	-0.29151625
0.27149275	-0.37450325	-0.886604
0.411638	-0.870184	-0.27085825
0.4292465	-0.0825723	-0.89939525
0.53450775	-0.82206725	-0.1962952
0.201627925	-0.8422205	-0.5000325
0.92453525	-0.33333225	-0.184779
0.170858025	-0.303063	-0.93753775
0.48625725	-0.1283649	-0.864343
0.121988625	-0.40549175	-0.90592825
0.617021	-0.39128875	-0.682786
0.428951	-0.7291925	-0.5331935
0.90873175	-0.41126025	-0.070169225
0.158808525	-0.90527425	-0.39405075
0.361539	-0.84442775	-0.395299
0.69550175	-0.68107825	-0.228983075
0.647903	-0.078229175	-0.7576445
0.41890225	-0.90645	-0.048938875
0.59364525	-0.497216	-0.63274525
0.30828725	-0.07181955	-0.9485245
0.215052475	-0.87522125	-0.433317
0.9351325	-0.0850936	-0.34393125
0.108435325	-0.930561	-0.34972225
0.9631025	-0.06737655	-0.26026925
0.7891735	-0.4644785	-0.40186075
0.949003	-0.28451175	-0.1358583
0.417677	-0.26336925	-0.86960475
0.240565375	-0.90620525	-0.3477745
0.162301375	-0.9537325	-0.253113
0.8679685	-0.14522855	-0.47492675
0.586406	-0.0604694	-0.80756725
0.67476375	-0.628895	-0.38626725
0.30414975	-0.89320425	-0.331224
0.25025175	-0.96584675	-0.06587645
0.5947085	-0.134802725	-0.79256925
0.38321025	-0.89469725	-0.2295514
0.4770475	-0.84162825	-0.25321375
0.46725625	-0.86639575	-0.176217075
0.508212	-0.47228425	-0.72019375
0.686597	-0.148594675	-0.71170425
0.90467	-0.13654255	-0.40366025
0.24185245	-0.94758325	-0.2088307
0.1249204	-0.248904325	-0.96044175
0.52750975	-0.061941525	-0.847121
0.47634125	-0.8773225	-0.0549398
0.05108055	-0.9508445	-0.30470025
0.464463	-0.276148	-0.8414545
0.134702475	-0.868505	-0.4770405
0.948455	-0.14115615	-0.28376025
0.233409975	-0.20867195	-0.94973275
0.9679005	-0.114602575	-0.223698725
0.082291175	-0.46151075	-0.88329675
0.95923825	-0.1898026	-0.209399675
0.94671525	-0.31528275	-0.0640762
0.0581623	-0.8817315	-0.46779225
0.313263	-0.30467925	-0.89948175
0.168822525	-0.93336925	-0.316763
0.925321	-0.359211	-0.121487975
0.97099175	-0.205753775	-0.121844575
0.099385375	-0.138241175	-0.98540025
0.05347575	-0.91774775	-0.39302925
0.1699574	-0.969344	-0.17746855
0.98806675	-0.13824985	-0.067055325
0.04013275	-0.99784	-0.03727595
0.17316105	-0.9805295	-0.092625425
0.27827625	-0.920003	-0.27600625
0.1754989	-0.59884825	-0.7814115
0.1862552	-0.648745	-0.7378765
0.22583215	-0.552181	-0.80257125
0.18778135	-0.6968545	-0.69220925
0.19072865	-0.7770605	-0.59985325
0.089477225	-0.5259435	-0.845804
0.188864325	-0.73942575	-0.64622125
0.13891135	-0.4964575	-0.8568835
0.319751	-0.62247175	-0.7143615
0.31095825	-0.676754	-0.667334
0.6830525	-0.4049225	-0.6078605
0.31783525	-0.784707	-0.53220775
0.75275625	-0.6558055	-0.05363
0.3089745	-0.720904	-0.620369
0.73139275	-0.67276525	-0.111635025
0.300492	-0.75785875	-0.5791175
0.196686525	-0.809691	-0.55293525
0.113500975	-0.63091525	-0.76751275
0.12782855	-0.7166005	-0.68568025
0.25209875	-0.66443825	-0.70355925
0.69365575	-0.266918	-0.66904675
0.8737735	-0.482268	-0.060269175
0.29742125	-0.52148575	-0.79976175
0.22614035	-0.96454325	-0.1361072
0.80200075	-0.57025475	-0.17784
0.831677	-0.4972155	-0.24722255
0.25117525	-0.7482095	-0.6141015
0.3689115	-0.1177868	-0.92197725
0.34108725	-0.828701	-0.4437845
0.8969875	-0.0631656	-0.43722675
0.41117225	-0.83085875	-0.375023
0.8305845	-0.126560375	-0.5423325
0.044137475	-0.33784725	-0.93987425
0.41475375	-0.689337	-0.59397775
0.57905375	-0.72050275	-0.3815595
0.79218	-0.5468275	-0.271034
0.63413225	-0.6925855	-0.343837
0.59170625	-0.5884915	-0.550961
0.05962675	-0.270864	-0.960619
0.069899875	-0.689967	-0.720335
0.47556025	-0.0547402	-0.87775675
0.78441775	-0.60841025	-0.120572775
0.5150645	-0.596537	-0.615509
0.709587	-0.071128225	-0.7009035
0.3255	-0.92279975	-0.206182825
0.0639783	-0.5937975	-0.801907
0.798135	-0.24276405	-0.55142825
0.77422625	-0.42581925	-0.468267
0.42691075	-0.57947775	-0.69423825
0.8303345	-0.553636	-0.06112515
0.49373075	-0.81144375	-0.312756
0.3594055	-0.73800875	-0.571133
0.73684625	-0.65098125	-0.182494175
0.9028615	-0.30020575	-0.307811
0.413157	-0.636515	-0.65127775
0.31612525	-0.812306	-0.49015475
0.56421	-0.68489625	-0.4610805
0.46865475	-0.79757325	-0.37982425
0.6296485	-0.43092675	-0.6464185
0.8013915	-0.075919475	-0.59321975
0.68404725	-0.45943225	-0.56657925
0.55526775	-0.6452865	-0.52467525
0.596173	-0.62605125	-0.5026345
0.8489545	-0.3208085	-0.419986
0.77504425	-0.11341965	-0.621654
0.92942325	-0.36292725	-0.065134275
0.158837875	-0.54210625	-0.825173
0.631067	-0.754329	-0.181009275
0.577729	-0.29308275	-0.76181025
0.49781825	-0.6982435	-0.51443475
0.5292355	-0.84687125	-0.047233475
0.737624	-0.62493125	-0.255731
0.8951395	-0.418282	-0.15422015
0.641456	-0.76234475	-0.085740225
0.96374725	-0.2588	-0.063176275
0.7632905	-0.5313185	-0.367571
0.56097125	-0.55341275	-0.6156695
0.129703	-0.79694225	-0.58997925
0.36229925	-0.6860345	-0.6309645
0.66540125	-0.3538975	-0.6572805
0.83987275	-0.2660845	-0.47312025
0.79269475	-0.1532495	-0.590059
0.73607475	-0.50693275	-0.44858425
0.260999	-0.81438275	-0.51835275
0.7587175	-0.068937	-0.647616
0.226769475	-0.402497	-0.8869035
0.629509	-0.62869825	-0.456581
0.38012025	-0.5943295	-0.708728
0.9978805	-0.036784775	-0.03926475
0.037918175	-0.037756325	-0.997892
0.87448475	-0.42409125	-0.23547845
0.36528225	-0.49243075	-0.79000475
0.3709785	-0.86520475	-0.33738375
0.2978635	-0.945898	-0.128705775
0.47979775	-0.409137	-0.7761615
0.2603275	-0.49416775	-0.8294925
0.6610745	-0.721248	-0.20689985
0.85095575	-0.069095075	-0.5205015
0.054890325	-0.73597625	-0.67449375
0.614941	-0.2649305	-0.74275675
0.04980145	-0.64500025	-0.762263
0.40082775	-0.42547975	-0.811376
0.795844	-0.60313825	-0.048935675
0.83752425	-0.51378225	-0.186020125
0.225841025	-0.128107425	-0.965708
0.77182475	-0.60292675	-0.2019683
0.34719575	-0.92592925	-0.14874555
0.4316025	-0.34286425	-0.8343825
0.7186	-0.5693925	-0.3992775
0.50607775	-0.6473535	-0.56993275
0.63735725	-0.57754275	-0.5101215
0.8782465	-0.27794825	-0.38917525
0.059770975	-0.39111375	-0.918233
0.31637075	-0.9466975	-0.057831725
0.507487	-0.330521	-0.795764
0.8717125	-0.47229725	-0.130636375
0.33885075	-0.562715	-0.754027
0.7419685	-0.140028325	-0.6556615
0.3863635	-0.05026455	-0.92072775
0.83328875	-0.190506175	-0.51899925
0.4621875	-0.68195975	-0.56685425
0.4407165	-0.83694	-0.32454825
0.3529995	-0.37068775	-0.85907575
0.70576875	-0.705088	-0.0672978
0.53673925	-0.769673	-0.34574625
0.8347755	-0.46470725	-0.2953435
0.075634075	-0.83842525	-0.5396535
0.5100555	-0.722854	-0.46619325
0.064424375	-0.79229575	-0.60652
0.29006625	-0.241923875	-0.9259365
0.73047525	-0.3935685	-0.55814875
0.751573	-0.22604005	-0.619732
0.858614	-0.2008519	-0.47166225
0.861019	-0.3501725	-0.36885575
0.87058975	-0.38770125	-0.30297475
0.80376375	-0.4880615	-0.3402775
0.617901	-0.67274075	-0.406983
0.955305	-0.23977285	-0.172961
0.728168	-0.32501975	-0.6034565
0.7800785	-0.3239045	-0.5353435
0.76592375	-0.2801595	-0.57870225
0.36186175	-0.173094075	-0.91603125
0.2263367	-0.04908925	-0.9725675