1	0	0
0	1	0
0	0	1
-1	6.12324e-17	0
-1.22465e-16	-1	0
0	0	-1
0.0825919	0	0.9965835
0.16460555	0	0.9863595
0.245494825	0	0.96939775
0.32470725	0	0.9458145
0.4017015	0	0.91577075
0.475952	0	0.87947125
0.54695125	0	0.8371645
0.6142145	0	0.789139
0.677282	0	0.73572325
0.7357235	0	0.677282
0.789139	0	0.6142145
0.8371645	0	0.54695125
0.87947125	0	0.475952
0.91577075	0	0.4017015
0.94581475	0	0.32470725
0.969398	0	0.245494825
0.98635925	0	0.16460555
0.9965835	0	0.082591925
0.9965835	0.0825919	0
0.9863595	0.16460555	0
0.96939775	0.245494825	0
0.9458145	0.32470725	0
0.91577075	0.4017015	0
0.87947125	0.475952	0
0.8371645	0.54695125	0
0.789139	0.6142145	0
0.73572325	0.677282	0
0.677282	0.7357235	0
0.6142145	0.789139	0
0.54695125	0.8371645	0
0.475952	0.87947125	0
0.4017015	0.91577075	0
0.32470725	0.94581475	0
0.245494825	0.969398	0
0.16460555	0.98635925	0
0.082591925	0.9965835	0
0	0.9965835	0.0825919
0	0.9863595	0.16460555
0	0.96939775	0.245494825
0	0.9458145	0.32470725
0	0.91577075	0.4017015
0	0.87947125	0.475952
0	0.8371645	0.54695125
0	0.789139	0.6142145
0	0.73572325	0.677282
0	0.677282	0.7357235
0	0.6142145	0.789139
0	0.54695125	0.8371645
0	0.475952	0.87947125
0	0.4017015	0.91577075
0	0.32470725	0.94581475
0	0.245494825	0.969398
0	0.16460555	0.98635925
0	0.082591925	0.9965835
-0.0825919	0.9965835	0
-0.16460555	0.9863595	0
-0.245494825	0.96939775	0
-0.32470725	0.9458145	0
-0.4017015	0.91577075	0
-0.475952	0.87947125	0
-0.54695125	0.8371645	0
-0.6142145	0.789139	0
-0.677282	0.73572325	0
-0.7357235	0.677282	0
-0.789139	0.6142145	0
-0.8371645	0.54695125	0
-0.87947125	0.475952	0
-0.91577075	0.4017015	0
-0.94581475	0.32470725	0
-0.969398	0.245494825	0
-0.98635925	0.16460555	0
-0.9965835	0.082591925	0
-0.9965835	6.10231e-17	0.0825919
-0.9863595	6.03971e-17	0.16460555
-0.96939775	5.93585e-17	0.245494825
-0.9458145	5.79144e-17	0.32470725
-0.91577075	5.60748e-17	0.4017015
-0.87947125	5.38521e-17	0.475952
-0.8371645	5.12616e-17	0.54695125
-0.789139	4.83208e-17	0.6142145
-0.73572325	4.50501e-17	0.677282
-0.677282	4.14716e-17	0.7357235
-0.6142145	3.76098e-17	0.789139
-0.54695125	3.34911e-17	0.8371645
-0.475952	2.91437e-17	0.87947125
-0.4017015	2.45971e-17	0.91577075
-0.32470725	1.98826e-17	0.94581475
-0.245494825	1.50322e-17	0.969398
-0.16460555	1.00792e-17	0.98635925
-0.082591925	5.0573e-18	0.9965835
-0.9965835	-0.0825919	0
-0.9863595	-0.16460555	0
-0.96939775	-0.245494825	0
-0.9458145	-0.32470725	0
-0.91577075	-0.4017015	0
-0.87947125	-0.475952	0
-0.8371645	-0.54695125	0
-0.789139	-0.6142145	0
-0.73572325	-0.677282	0
-0.677282	-0.7357235	0
-0.6142145	-0.789139	0
-0.54695125	-0.8371645	0
-0.475952	-0.87947125	0
-0.4017015	-0.91577075	0
-0.32470725	-0.94581475	0
-0.245494825	-0.969398	0
-0.16460555	-0.98635925	0
-0.082591925	-0.9965835	0
-1.22046e-16	-0.9965835	0.0825919
-1.20794e-16	-0.9863595	0.16460555
-1.18717e-16	-0.96939775	0.245494825
-1.15829e-16	-0.9458145	0.32470725
-1.1215e-16	-0.91577075	0.4017015
-1.07704e-16	-0.87947125	0.475952
-1.02523e-16	-0.8371645	0.54695125
-9.66417e-17	-0.789139	0.6142145
-9.01001e-17	-0.73572325	0.677282
-8.29431e-17	-0.677282	0.7357235
-7.52196e-17	-0.6142145	0.789139
-6.69822e-17	-0.54695125	0.8371645
-5.82873e-17	-0.475952	0.87947125
-4.91943e-17	-0.4017015	0.91577075
-3.97652e-17	-0.32470725	0.94581475
-3.00645e-17	-0.245494825	0.969398
-2.01584e-17	-0.16460555	0.98635925
-1.01146e-17	-0.082591925	0.9965835
0.0825919	-0.9965835	0
0.16460555	-0.9863595	0
0.245494825	-0.96939775	0
0.32470725	-0.9458145	0
0.4017015	-0.91577075	0
0.475952	-0.87947125	0
0.54695125	-0.8371645	0
0.6142145	-0.789139	0
0.677282	-0.73572325	0
0.7357235	-0.677282	0
0.789139	-0.6142145	0
0.8371645	-0.54695125	0
0.87947125	-0.475952	0
0.91577075	-0.4017015	0
0.94581475	-0.32470725	0
0.969398	-0.245494825	0
0.98635925	-0.16460555	0
0.9965835	-0.082591925	0
0.0825919	0	-0.9965835
0.16460555	0	-0.9863595
0.245494825	0	-0.96939775
0.32470725	0	-0.9458145
0.4017015	0	-0.91577075
0.475952	0	-0.87947125
0.54695125	0	-0.8371645
0.6142145	0	-0.789139
0.677282	0	-0.73572325
0.7357235	0	-0.677282
0.789139	0	-0.6142145
0.8371645	0	-0.54695125
0.87947125	0	-0.475952
0.91577075	0	-0.4017015
0.94581475	0	-0.32470725
0.969398	0	-0.245494825
0.98635925	0	-0.16460555
0.9965835	0	-0.082591925
0	0.9965835	-0.0825919
0	0.9863595	-0.16460555
0	0.96939775	-0.245494825
0	0.9458145	-0.32470725
0	0.91577075	-0.4017015
0	0.87947125	-0.475952
0	0.8371645	-0.54695125
0	0.789139	-0.6142145
0	0.73572325	-0.677282
0	0.677282	-0.7357235
0	0.6142145	-0.789139
0	0.54695125	-0.8371645
0	0.475952	-0.87947125
0	0.4017015	-0.91577075
0	0.32470725	-0.94581475
0	0.245494825	-0.969398
0	0.16460555	-0.98635925
0	0.082591925	-0.9965835
-0.9965835	6.10231e-17	-0.0825919
-0.9863595	6.03971e-17	-0.16460555
-0.96939775	5.93585e-17	-0.245494825
-0.9458145	5.79144e-17	-0.32470725
-0.91577075	5.60748e-17	-0.4017015
-0.87947125	5.38521e-17	-0.475952
-0.8371645	5.12616e-17	-0.54695125
-0.789139	4.83208e-17	-0.6142145
-0.73572325	4.50501e-17	-0.677282
-0.677282	4.14716e-17	-0.7357235
-0.6142145	3.76098e-17	-0.789139
-0.54695125	3.34911e-17	-0.8371645
-0.475952	2.91437e-17	-0.87947125
-0.4017015	2.45971e-17	-0.91577075
-0.32470725	1.98826e-17	-0.94581475
-0.245494825	1.50322e-17	-0.969398
-0.16460555	1.00792e-17	-0.98635925
-0.082591925	5.0573e-18	-0.9965835
-1.22046e-16	-0.9965835	-0.0825919
-1.20794e-16	-0.9863595	-0.16460555
-1.18717e-16	-0.96939775	-0.245494825
-1.15829e-16	-0.9458145	-0.32470725
-1.1215e-16	-0.91577075	-0.4017015
-1.07704e-16	-0.87947125	-0.475952
-1.02523e-16	-0.8371645	-0.54695125
-9.66417e-17	-0.789139	-0.6142145
-9.01001e-17	-0.73572325	-0.677282
-8.29431e-17	-0.677282	-0.7357235
-7.52196e-17	-0.6142145	-0.789139
-6.69822e-17	-0.54695125	-0.8371645
-5.82873e-17	-0.475952	-0.87947125
-4.91943e-17	-0.4017015	-0.91577075
-3.97652e-17	-0.32470725	-0.94581475
-3.00645e-17	-0.245494825	-0.969398
-2.01584e-17	-0.16460555	-0.98635925
-1.01146e-17	-0.082591925	-0.9965835
0.5373255	0.4537715	0.71090575
0.749285	0.47287575	0.46365825
0.40771675	0.814086	0.413586
0.251262	0.5164475	0.818644
0.85295675	0.35392625	0.38370725
0.2647345	0.9165225	0.2998805
0.92126925	0.25452975	0.294111
0.283026	0.29113775	0.91387175
0.94343225	0.1927354	0.269827
0.2658045	0.93918925	0.21746475
0.14640345	0.13972805	0.97930825
0.973734	0.1755387	0.14503075
0.13698625	0.975029	0.174808525
0.4461475	0.330046	0.83189725
0.45228475	0.58759975	0.6709525
0.71926525	0.181349525	0.6706655
0.60442125	0.255092	0.75473625
0.76040275	0.56828475	0.3144215
0.795822	0.2911665	0.53096
0.72451975	0.662205	0.1912573
0.496512	0.1117063	0.86081975
0.21553545	0.81077325	0.54425475
0.837355	0.51402025	0.186126975
0.840225	0.12452835	0.527755
0.6219275	0.73949725	0.25762925
0.1259402	0.731912	0.669668
0.9062575	0.37575675	0.193715875
0.4128095	0.1730279	0.894243
0.86834125	0.182306975	0.46127025
0.536385	0.6314495	0.559967
0.15509925	0.475395	0.8660035
0.669294	0.42591825	0.608813
0.66234225	0.6111125	0.4334245
0.156127275	0.63279175	0.75843175
0.38836975	0.56587975	0.727301
0.1052297	0.528192	0.84258525
0.36154925	0.1305145	0.92317825
0.33664475	0.9346575	0.114438175
0.2941525	0.38312225	0.875626
0.5182005	0.742679	0.4241645
0.0663815	0.97479975	0.2122155
0.9753775	0.208514975	0.07009075
0.075181225	0.2049216	0.97580825
0.2210098	0.0851242	0.97153425
0.973869	0.0570176	0.2186468
0.210514125	0.97473325	0.073437875
0.24643335	0.21779975	0.9443785
0.2146763	0.963469	0.16015785
0.82914275	0.4392315	0.3458755
0.06715595	0.988987	0.130855175
0.98965425	0.126655325	0.06501475
0.063872175	0.093736625	0.99338325
0.136033175	0.067905025	0.98824375
0.131269875	0.989965	0.044380375
0.52427175	0.163554175	0.8357075
0.7836505	0.153116675	0.6020485
0.68260225	0.53666975	0.496033
0.43480025	0.72415125	0.53532325
0.38645525	0.76046925	0.5218815
0.69622625	0.28262725	0.659862
0.604408	0.138830475	0.7844935
0.28115	0.858896	0.42811625
0.3076305	0.62807725	0.71477525
0.59330425	0.38151675	0.70884
0.710255	0.64078375	0.2914785
0.42989525	0.841627	0.3269335
0.5228325	0.84861475	0.07955945
0.64659625	0.7514395	0.13140495
0.47323375	0.23163905	0.84995025
0.817684	0.56825975	0.091875325
0.31493425	0.4686155	0.8253735
0.68478225	0.111192675	0.72022275
0.219033775	0.6620795	0.716729
0.19391715	0.7221055	0.664066
0.6439755	0.69678275	0.315924
0.38327225	0.89075975	0.24428165
0.78866175	0.5884385	0.178253525
0.44669875	0.659271	0.6048425
0.6074375	0.60594	0.5136745
0.53331425	0.30134775	0.790439
0.51833325	0.53842725	0.664405
0.87590275	0.386726	0.28856
0.469836	0.4191215	0.77692375
0.72450375	0.354455	0.5911685
0.7645275	0.247485825	0.59520975
0.84031275	0.46796725	0.27369925
0.6081735	0.4437535	0.6581945
0.77411275	0.38464875	0.502809
0.8670285	0.26738475	0.4204735
0.8697605	0.4856225	0.087307075
0.568283	0.75417275	0.329085
0.45674275	0.8872035	0.06166775
0.75756875	0.604791	0.245642725
0.425392	0.1092913	0.89839225
0.77406975	0.50584375	0.3807385
0.14796205	0.77816275	0.61039725
0.223065625	0.58917625	0.77662075
0.8992645	0.22605735	0.37449075
0.32582725	0.92675775	0.187017625
0.179230075	0.534571	0.8259135
0.819702	0.206619725	0.53424775
0.91362025	0.3899895	0.1149574
0.82682075	0.3270085	0.45766875
0.74880325	0.0797606	0.65784025
0.91433625	0.318988	0.249522825
0.5521095	0.67808625	0.48516025
0.082660125	0.34658925	0.93431975
0.7214545	0.548238	0.4230265
0.397266	0.26058075	0.879947
0.8367205	0.25950575	0.48227025
0.4014925	0.900811	0.165416525
0.217946475	0.48347325	0.84780625
0.8925485	0.08524925	0.4427285
0.714405	0.44316725	0.54151875
0.448606	0.053920275	0.89177775
0.95163075	0.2973615	0.076184375
0.13639055	0.93248825	0.3344785
0.39945775	0.621447	0.673982
0.718276	0.59033175	0.3682535
0.9368115	0.15127245	0.315459
0.50876175	0.5995265	0.61784575
0.17981575	0.2969355	0.93782325
0.073471825	0.64341725	0.761804
0.1258729	0.895619	0.4266565
0.79774525	0.54490575	0.25827275
0.67299525	0.69701925	0.2475158
0.068025775	0.95608425	0.28453875
0.220976575	0.42621425	0.87723275
0.66955125	0.23399405	0.70496175
0.349523	0.8529405	0.38775725
0.79934775	0.5071265	0.32232275
0.267255	0.4542575	0.84985475
0.07770555	0.4489375	0.89007425
0.459929	0.791259	0.402989
0.06528	0.7617985	0.64420725
0.108744475	0.2741445	0.95552375
0.067361525	0.70837675	0.702352
0.15841965	0.38877775	0.90761875
0.35569575	0.32353125	0.87683525
0.90994275	0.14293745	0.38934075
0.46533775	0.159504875	0.87065325
0.141452925	0.95791375	0.249803375
0.164107025	0.2164716	0.9624025
0.34733325	0.936051	0.050243375
0.228216725	0.35852675	0.90520725
0.130099675	0.5875025	0.79870375
0.14458965	0.68475125	0.7143005
0.269882	0.95324175	0.136022825
0.60642775	0.6852955	0.403275
0.21788155	0.9431895	0.25087625
0.04652175	0.51755425	0.853997
0.059629425	0.57450525	0.8160285
0.96380325	0.13956425	0.2271833
0.9369315	0.30902	0.163343225
0.9310245	0.07315405	0.35721625
0.9605725	0.2456189	0.1303073
0.37670125	0.062811875	0.923971
0.341478	0.214587425	0.91507825
0.8770395	0.441609	0.18922695
0.30829825	0.070752225	0.9485135
0.94859725	0.234763925	0.212280025
0.89272925	0.30053725	0.33576625
0.46522425	0.5124655	0.721775
0.98784425	0.076983625	0.13469975
0.133682975	0.985583	0.103707075
0.50840475	0.0536851	0.859108
0.37462875	0.72777	0.574479
0.3534335	0.67970025	0.642738
0.493997	0.6852525	0.53516825
0.69680275	0.71088725	0.095350025
0.63318925	0.77100175	0.065001525
0.6996755	0.049132375	0.712336
0.63040425	0.05773915	0.7737865
0.46953925	0.8731775	0.13078955
0.27048275	0.696572	0.66457
0.8123645	0.069589	0.578699
0.065212475	0.86540875	0.49640675
0.28991975	0.95477425	0.0627216
0.21522565	0.8999795	0.379125
0.38699875	0.4908495	0.78059
0.60691075	0.77221075	0.188078725
0.284496	0.146868975	0.94736525
0.57052525	0.2120332	0.79345225
0.9040155	0.423832	0.04983635
0.51746475	0.81059825	0.27420925
0.0536367	0.27992	0.95821475
0.6382045	0.49715125	0.5878205
0.21323355	0.1618337	0.9635095
0.53721875	0.82434775	0.1785199
0.19896175	0.931281	0.3052
0.6319	0.30980925	0.71045125
0.57082325	0.7837805	0.24469635
0.58738325	0.80087075	0.11661305
0.345106	0.27308525	0.897973
0.578998	0.3301345	0.745516
0.8545605	0.0562597	0.515774
0.3077125	0.729234	0.61119175
0.40183625	0.911252	0.090123375
0.9280705	0.3683325	0.0484697
0.275982	0.82609825	0.49135125
0.49703525	0.7936815	0.35078975
0.5747015	0.562915	0.59400275
0.31364525	0.5456555	0.7771165
0.955007	0.0707124	0.28757325
0.644725	0.18962405	0.740538
0.65410475	0.367046	0.661397
0.44142225	0.766962	0.4657635
0.131862825	0.84154025	0.52386475
0.67228675	0.64474075	0.3638145
0.80429	0.415994	0.42437125
0.99629325	0.05717455	0.056390225
0.06904335	0.99550275	0.0601691
0.336365	0.8866975	0.31726225
0.6650175	0.72340225	0.185643125
0.31661075	0.9142205	0.252952
0.76323225	0.63904525	0.095316525
0.240061625	0.75675975	0.6080355
0.5769695	0.50243575	0.6439415
0.06678875	0.81520875	0.57497875
0.55379725	0.088192075	0.82792825
0.31314225	0.775538	0.54818425
0.38254975	0.400365	0.8327015
0.627324	0.552017	0.54931225
0.065895125	0.928109	0.36592425
0.2102821	0.8575125	0.4695485
0.4893975	0.721141	0.4903595
0.350962	0.81235175	0.465764
0.608524	0.64658775	0.460035
0.051785675	0.89885175	0.43447975
0.4586165	0.860634	0.221365525
0.2902515	0.885264	0.36344575
0.53710375	0.3758305	0.75517825
0.582169	0.811006	0.052577775
0.4977025	0.35748075	0.79027075
-0.69253025	0.5795095	0.42962725
-0.468969	0.52585075	0.70962
-0.47669075	0.74688725	0.46362
-0.5147085	0.2655385	0.8152265
-0.82158425	0.3912805	0.414636
-0.9133285	0.27362125	0.30164475
-0.26396375	0.919169	0.292364
-0.2847805	0.28433675	0.91546675
-0.93918875	0.26580525	0.217465875
-0.139728	0.146403975	0.97930825
-0.975029	0.1369864	0.1748084
-0.186973425	0.9694305	0.158911475
-0.128014425	0.986231	0.104691225
-0.12672715	0.9905895	0.043449975
-0.31574575	0.45995475	0.829924
-0.57789	0.45558225	0.677126
-0.2580155	0.62451125	0.73718175
-0.571569	0.76593225	0.29441975
-0.250496	0.7923085	0.5563485
-0.6546345	0.73208225	0.188501725
-0.104707525	0.49136075	0.864646
-0.81070725	0.2157862	0.54425375
-0.7371045	0.627187	0.2516675
-0.731912	0.125940775	0.669668
-0.4087795	0.89257575	0.190342325
-0.18843435	0.40741225	0.893605
-0.59396025	0.55438125	0.58298375
-0.47539475	0.1550999	0.8660035
-0.454591	0.659084	0.59913825
-0.16850935	0.92568825	0.33870875
-0.6133495	0.67270025	0.41387325
-0.63279175	0.156127875	0.7584315
-0.52819175	0.1052304	0.84258525
-0.094449	0.916007	0.3898865
-0.133120625	0.36068175	0.92314575
-0.93465725	0.33664525	0.11443885
-0.381897	0.3068555	0.87179275
-0.7464405	0.50828175	0.429528
-0.97479975	0.06638165	0.21221545
-0.204921575	0.075181925	0.97580825
-0.088638225	0.978618	0.1856062
-0.085133875	0.221025	0.97153
-0.97473325	0.2105142	0.0734378
-0.2167473	0.246683925	0.94455525
-0.963469	0.21467645	0.16015765
-0.4297995	0.80295725	0.41298575
-0.0746846	0.95972225	0.2704985
-0.2009695	0.940635	0.27356
-0.988987	0.067156025	0.130855125
-0.0937366	0.0638727	0.99338325
-0.067904975	0.1360335	0.9882435
-0.989965	0.131269925	0.044380325
-0.20692145	0.975521	0.073164475
-0.1471816	0.54097875	0.82806675
-0.719012	0.44686775	0.532304
-0.76810975	0.37135475	0.52165975
-0.129859475	0.65422025	0.745081
-0.138402875	0.7661055	0.62764925
-0.86043575	0.27328425	0.43011325
-0.3884765	0.78224225	0.48703675
-0.6104965	0.31843625	0.7252005
-0.52622825	0.69177025	0.49451475
-0.38248525	0.70187475	0.6009125
-0.6415235	0.7117955	0.28604475
-0.39444025	0.56469725	0.7249475
-0.2923415	0.8278775	0.4787315
-0.84202875	0.42805575	0.32831
-0.8448835	0.526744	0.0932375
-0.2255931	0.48294075	0.846108
-0.5673305	0.818019	0.094705
-0.451766	0.34016325	0.82475825
-0.39305925	0.633328	0.66664375
-0.662088	0.21903155	0.71672175
-0.7221055	0.193917875	0.664066
-0.821291	0.33500625	0.4618205
-0.891507	0.38330225	0.24149115
-0.31773325	0.5484615	0.77347125
-0.69602425	0.64693325	0.311524
-0.5859285	0.78966825	0.1820296
-0.463067	0.41632975	0.78247125
-0.65689125	0.448087	0.6064025
-0.6387365	0.61167175	0.466777
-0.40209325	0.8713035	0.28139175
-0.5319975	0.60030425	0.597175
-0.547043	0.523591	0.6531465
-0.246213025	0.69309475	0.67751025
-0.40997625	0.48806425	0.77053775
-0.5008335	0.8603975	0.09419335
-0.237001775	0.87118975	0.42998475
-0.74181675	0.57742	0.3410525
-0.887202	0.456745	0.061674175
-0.467752	0.589789	0.6583045
-0.60616725	0.7578485	0.241349225
-0.10929125	0.425392	0.89839225
-0.77815	0.14801665	0.6104005
-0.589186	0.2230644	0.77661375
-0.9267525	0.32583425	0.1870314
-0.53457075	0.17923065	0.8259135
-0.204820425	0.84714925	0.49031625
-0.4203	0.9032205	0.08647565
-0.54373775	0.724838	0.423053
-0.692389	0.529196	0.4904655
-0.34658925	0.08266085	0.93431975
-0.26319375	0.41662125	0.87016475
-0.66846225	0.7385045	0.087687325
-0.9007955	0.4016065	0.1652237
-0.48347325	0.217947	0.84780625
-0.051892075	0.99156375	0.1161624
-0.0541686	0.4592885	0.886311
-0.932575	0.135839775	0.334461
-0.527557	0.77310175	0.35216975
-0.610086	0.40292425	0.6822485
-0.4457475	0.716644	0.53641975
-0.59528725	0.72021725	0.35629225
-0.1653992	0.808854	0.56428675
-0.6022205	0.49459775	0.626662
-0.2959295	0.1800881	0.938089
-0.64341725	0.073472325	0.761804
-0.895838	0.1248318	0.4265025
-0.5427995	0.8027305	0.2470125
-0.692179	0.6807235	0.23984235
-0.956084	0.068026725	0.28453925
-0.52156025	0.34067725	0.78226725
-0.42621425	0.220977075	0.87723275
-0.8662125	0.3291905	0.37594975
-0.45425725	0.2672555	0.84985475
-0.053425275	0.8546325	0.515917
-0.4489375	0.0777062	0.89007425
-0.163685625	0.88906775	0.42753275
-0.7911575	0.4586025	0.4046965
-0.3422465	0.927183	0.1523602
-0.761797	0.0652897	0.64420825
-0.2739485	0.10880475	0.95557325
-0.70837675	0.067361975	0.702352
-0.0752115	0.93699175	0.3408675
-0.38862025	0.158470875	0.90767725
-0.3126455	0.3790635	0.87097175
-0.160722375	0.4680595	0.86896925
-0.95791375	0.14145315	0.249803275
-0.216095575	0.164207525	0.96247
-0.93605075	0.34733325	0.05024345
-0.3568935	0.231198375	0.90509625
-0.13737575	0.94696375	0.29050875
-0.5875025	0.13010035	0.79870375
-0.68475125	0.144590225	0.7143005
-0.953241	0.26988325	0.13602535
-0.94318925	0.217882325	0.25087725
-0.51755425	0.046522125	0.853997
-0.079452125	0.811717	0.57846825
-0.57450525	0.059629875	0.8160285
-0.67509625	0.62555575	0.3910765
-0.26665025	0.95457225	0.13303205
-0.06281185	0.37670125	0.923971
-0.200640725	0.33221725	0.9216265
-0.071198225	0.30817	0.94852625
-0.498748	0.47097375	0.7276305
-0.06486635	0.99585075	0.05779845
-0.985583	0.133683075	0.103706975
-0.252038	0.94394325	0.21322695
-0.157713525	0.9595755	0.233133675
-0.1243095	0.85271925	0.507376
-0.0743562	0.88709225	0.455302
-0.1885514	0.66950225	0.7184975
-0.13279685	0.71179875	0.68972625
-0.0922551	0.61142525	0.7858845
-0.1737681	0.612924	0.77081175
-0.064720025	0.75029225	0.65762175
-0.72776225	0.3748965	0.57431425
-0.3252905	0.782094	0.53154675
-0.31672825	0.94602875	0.06597345
-0.676823	0.35479925	0.6450185
-0.35754925	0.8380985	0.4120455
-0.19492535	0.730027	0.65504875
-0.76721375	0.6362615	0.079864975
-0.395431	0.84635775	0.356853
-0.87258625	0.46992	0.133344875
-0.695381	0.27119825	0.66552475
-0.201939025	0.7715565	0.603279
-0.3919465	0.39920425	0.8288785
-0.865438	0.065049775	0.49637425
-0.29261875	0.865055	0.40753175
-0.95477425	0.28992025	0.0627221
-0.8200715	0.56970275	0.04774485
-0.897714	0.2207595	0.38130775
-0.31933025	0.742803	0.588469
-0.31497425	0.67880275	0.66335625
-0.5493215	0.40254125	0.73227225
-0.774546	0.608286	0.1734577
-0.233848425	0.555082	0.79826125
-0.713253	0.697619	0.064739175
-0.58344275	0.66234525	0.47
-0.1448686	0.28280975	0.94817775
-0.33038975	0.88240875	0.33500525
-0.7753765	0.5795185	0.2509545
-0.33871475	0.908391	0.24520395
-0.27988225	0.053650125	0.95822525
-0.82141125	0.53946425	0.18516335
-0.463535	0.870072	0.1677201
-0.1611522	0.2129699	0.963682
-0.9313955	0.198425225	0.3051995
-0.80698925	0.57942175	0.114243675
-0.33757925	0.60986425	0.71702675
-0.7839895	0.5040705	0.36235525
-0.72839025	0.308453	0.61182425
-0.91124775	0.40184275	0.090138425
-0.8310295	0.26495225	0.48910175
-0.62230975	0.77533275	0.10770615
-0.5746945	0.62458625	0.52879
-0.506917	0.66154975	0.55262025
-0.4701905	0.846906	0.2483866
-0.56181775	0.2878135	0.775598
-0.71850575	0.677734	0.1563423
-0.8415265	0.131928575	0.52387
-0.77418275	0.42881225	0.465598
-0.2555305	0.7370025	0.6257435
-0.0612638	0.680261	0.73009125
-0.99550275	0.0690434	0.06016905
-0.88906175	0.34163875	0.30476325
-0.65096775	0.50976325	0.562477
-0.24366155	0.89443325	0.37502275
-0.91419975	0.31663525	0.25299575
-0.48816925	0.77791525	0.395674
-0.25081325	0.36506175	0.896576
-0.6458335	0.6771035	0.3527755
-0.75638175	0.240562825	0.6083075
-0.81520525	0.066811475	0.5749815
-0.373317	0.7469165	0.55024725
-0.78068475	0.30293075	0.54661675
-0.46080575	0.82145625	0.33599675
-0.9281375	0.065629325	0.36589275
-0.85887725	0.206398025	0.468777
-0.2739495	0.51274775	0.813678
-0.52372875	0.834075	0.17334145
-0.631929	0.56755725	0.527772
-0.73445375	0.479325	0.48045575
-0.057409275	0.536351	0.841732
-0.8988915	0.051487	0.4344285
-0.85696775	0.46253875	0.227346425
-0.80717575	0.517497	0.28406675
-0.5157575	0.80386875	0.29634
-0.5255315	-0.4690625	0.7097945
-0.74373225	-0.47965625	0.46562825
-0.2655385	-0.5147085	0.8152265
-0.4077015	-0.81403675	0.41369775
-0.84424125	-0.33217825	0.42064825
-0.26473125	-0.9165235	0.29988025
-0.8957715	-0.3415405	0.28455525
-0.2843355	-0.28478075	0.915467
-0.2658045	-0.93918925	0.2174645
-0.92399425	-0.186399325	0.33393075
-0.146403975	-0.139728	0.97930825
-0.1369864	-0.975029	0.1748084
-0.971468	-0.145007875	0.187691475
-0.4584675	-0.315942	0.83067225
-0.45505425	-0.5781045	0.67729775
-0.59221825	-0.26939275	0.7594295
-0.7721265	-0.55994425	0.3005125
-0.78854675	-0.27493825	0.5501195
-0.72773375	-0.6624395	0.17775815
-0.491491	-0.104763275	0.86456525
-0.215526625	-0.81077225	0.54425975
-0.85818025	-0.182985125	0.479652
-0.62206325	-0.7399135	0.25610175
-0.125940775	-0.731912	0.669668
-0.8764	-0.412344	0.2488462
-0.407395	-0.18844025	0.8936115
-0.9493385	-0.1601936	0.27038275
-0.53781425	-0.624036	0.56686525
-0.1550999	-0.47539475	0.8660035
-0.6602795	-0.448036	0.60274975
-0.6689665	-0.616997	0.41450125
-0.156127875	-0.63279175	0.7584315
-0.86874525	-0.096450775	0.4857795
-0.9278405	-0.36447075	0.078197375
-0.1052304	-0.52819175	0.84258525
-0.3606785	-0.133121775	0.92314675
-0.33664475	-0.9346575	0.114437875
-0.306855	-0.381897	0.87179275
-0.950237	-0.219132225	0.2214565
-0.5187035	-0.74236775	0.4240945
-0.92648575	-0.068971675	0.36952875
-0.06638165	-0.97479975	0.21221545
-0.075181925	-0.204921575	0.97580825
-0.221024875	-0.085133925	0.97153
-0.210514175	-0.97473325	0.073437725
-0.2466834	-0.216747425	0.9445555
-0.21467645	-0.963469	0.16015765
-0.98619425	-0.14208595	0.084974
-0.95538925	-0.28501925	0.0763654
-0.96136625	-0.105482	0.2542745
-0.80696925	-0.4130475	0.42215575
-0.96138175	-0.2343037	0.14441395
-0.9892235	-0.065962675	0.129572275
-0.904439	-0.26053625	0.33784525
-0.067156025	-0.988987	0.130855125
-0.0638727	-0.0937366	0.99338325
-0.1360335	-0.067904975	0.9882435
-0.1312699	-0.989965	0.0443803
-0.54054125	-0.148040225	0.8281995
-0.4348685	-0.7232185	0.53652675
-0.38644625	-0.76019125	0.522293
-0.6526575	-0.1336647	0.74577875
-0.28114375	-0.85888125	0.42814975
-0.775039	-0.144708775	0.6151335
-0.7606015	-0.40888275	0.504297
-0.318227	-0.6105875	0.7252155
-0.67918425	-0.53394875	0.5036035
-0.8300555	-0.26059825	0.49307875
-0.71396375	-0.63925075	0.28572925
-0.5635325	-0.39476975	0.725674
-0.42989625	-0.84165675	0.32685575
-0.5227015	-0.8486955	0.0795574
-0.646589	-0.751458	0.13133285
-0.81363	-0.57500425	0.085300425
-0.4813705	-0.2262846	0.84681775
-0.7220665	-0.383561	0.5757775
-0.34016325	-0.451766	0.82475825
-0.8226795	-0.128235975	0.5538665
-0.63451725	-0.39143075	0.6664715
-0.219030425	-0.662088	0.716722
-0.193916925	-0.722107	0.66406475
-0.38326225	-0.890776	0.244237675
-0.5423535	-0.31832175	0.7775265
-0.644646	-0.69689425	0.31430725
-0.7871405	-0.59428075	0.165100225
-0.41624675	-0.4630765	0.78250975
-0.8267185	-0.478537	0.29591625
-0.446217	-0.65804425	0.6065315
-0.61053675	-0.598329	0.51889475
-0.62309775	-0.52935825	0.57578675
-0.51728175	-0.5296735	0.672216
-0.4869435	-0.4101265	0.77116675
-0.8944915	-0.43831775	0.08780685
-0.5686475	-0.75431025	0.328139
-0.45673975	-0.88720525	0.0616651
-0.7007265	-0.24439505	0.67028125
-0.76021675	-0.6026705	0.242657025
-0.425392	-0.10929125	0.89839225
-0.14795935	-0.77816275	0.610398
-0.223063275	-0.58918625	0.77661375
-0.58683925	-0.4750005	0.6557425
-0.32582675	-0.92675825	0.1870168
-0.17923065	-0.53457075	0.8259135
-0.71375075	-0.551674	0.431539
-0.85274975	-0.396942	0.33953225
-0.55509325	-0.6735445	0.48807125
-0.08266085	-0.34658925	0.93431975
-0.8953835	-0.128577275	0.42634425
-0.4165635	-0.263221	0.870184
-0.741993	-0.666438	0.070657225
-0.40147325	-0.90082875	0.16536715
-0.217947	-0.48347325	0.84780625
-0.4593745	-0.05418055	0.88626575
-0.136389825	-0.9324885	0.33447825
-0.7062025	-0.46186575	0.5366295
-0.777284	-0.504619	0.3757855
-0.40214825	-0.61049675	0.682339
-0.7212275	-0.58951875	0.363761
-0.507266	-0.5877985	0.63021625
-0.180087825	-0.2959295	0.938089
-0.073472325	-0.64341725	0.761804
-0.125870975	-0.895619	0.42665675
-0.67471	-0.69687875	0.2432039
-0.068025925	-0.95608425	0.28453875
-0.34060875	-0.5215785	0.782285
-0.809006	-0.5410895	0.22968075
-0.220977075	-0.42621425	0.87723275
-0.349511	-0.852922	0.3878085
-0.2672555	-0.45425725	0.84985475
-0.0777062	-0.4489375	0.89007425
-0.4598065	-0.791351	0.4029475
-0.065279825	-0.7617985	0.64420725
-0.1088047	-0.2739485	0.95557325
-0.06736195	-0.70837675	0.702352
-0.158470825	-0.38862025	0.90767725
-0.37902675	-0.31265675	0.87098375
-0.92515775	-0.2819125	0.254227
-0.468001	-0.160745025	0.8689965
-0.14145315	-0.95791375	0.24980325
-0.9326075	-0.223563575	0.28333825
-0.164207375	-0.2160956	0.96247
-0.34733325	-0.936051	0.0502432
-0.231197975	-0.35689375	0.90509625
-0.13010035	-0.5875025	0.79870375
-0.144590225	-0.68475125	0.7143005
-0.269882	-0.953242	0.1360225
-0.217881725	-0.9431895	0.250876
-0.046522125	-0.51755425	0.853997
-0.059629875	-0.57450525	0.8160285
-0.89852225	-0.0532558	0.43500825
-0.60899825	-0.685135	0.39965875
-0.8952785	-0.1927755	0.4016665
-0.37670125	-0.06281185	0.923971
-0.33221225	-0.200642175	0.92162775
-0.93736425	-0.32010325	0.137454725
-0.3081695	-0.071198475	0.9485265
-0.96989375	-0.231401725	0.0747572
-0.9753545	-0.063178075	0.210481125
-0.469441	-0.4957775	0.73064575
-0.940805	-0.12157615	0.3164075
-0.133683075	-0.985583	0.10370695
-0.68601575	-0.191863075	0.70185075
-0.62345975	-0.209720875	0.75321775
-0.723664	-0.123423375	0.679035
-0.6124665	-0.09336015	0.78494775
-0.7399575	-0.19681685	0.64323425
-0.91329875	-0.384772	0.13359005
-0.590905	-0.1667621	0.789329
-0.840399	-0.0572142	0.53845525
-0.37451475	-0.727332	0.57510775
-0.8891695	-0.42419625	0.17162755
-0.855739	-0.51136475	0.0775903
-0.35413325	-0.677028	0.6451695
-0.69346025	-0.71164575	0.11263095
-0.493585	-0.683254	0.5380955
-0.642679	-0.7630765	0.065438225
-0.69037425	-0.32198025	0.64786625
-0.46947725	-0.873224	0.130702175
-0.27092675	-0.695461	0.66555175
-0.95563525	-0.06011805	0.28753725
-0.3989605	-0.3919755	0.82898225
-0.06521175	-0.86540875	0.49640675
-0.28992	-0.9547745	0.0627214
-0.215221125	-0.89997825	0.3791305
-0.402007	-0.548973	0.732827
-0.75140675	-0.31128175	0.58181975
-0.65879925	-0.59066675	0.465945
-0.5556265	-0.2314752	0.798574
-0.6065755	-0.7726505	0.187353
-0.7008135	-0.71115	0.050202
-0.282808	-0.1448691	0.94817825
-0.796869	-0.2078495	0.56729325
-0.78922175	-0.34181425	0.51021625
-0.51751775	-0.81070375	0.273797
-0.053650125	-0.27988225	0.95822525
-0.868102	-0.4758125	0.14148065
-0.2129694	-0.161152325	0.963682
-0.19896105	-0.931281	0.3052
-0.53706875	-0.8245035	0.1782517
-0.588933	-0.7997435	0.1165322
-0.570816	-0.78401325	0.24396605
-0.835073	-0.5284315	0.153064
-0.6142955	-0.326984	0.7181525
-0.91829075	-0.14005175	0.37032225
-0.307919	-0.728442	0.6120315
-0.77657725	-0.074830925	0.6253635
-0.40183275	-0.91125375	0.090120125
-0.66515625	-0.49782975	0.556538
-0.74654375	-0.259155	0.61280825
-0.27596425	-0.82610175	0.49135575
-0.4971835	-0.793701	0.350536
-0.870816	-0.2619645	0.4160345
-0.8182975	-0.4506205	0.35687525
-0.287807	-0.5618185	0.7756
-0.68030525	-0.05998235	0.73014375
-0.7746745	-0.62433175	0.100489325
-0.441603	-0.76662675	0.46614375
-0.1318608	-0.84154	0.5238655
-0.875971	-0.3198785	0.3610875
-0.0690434	-0.99550275	0.06016905
-0.33635	-0.886702	0.317266
-0.65270975	-0.260414	0.711465
-0.853315	-0.478281	0.207661425
-0.31660875	-0.91422175	0.25294975
-0.93914775	-0.28500375	0.191811125
-0.36503775	-0.25082225	0.89658325
-0.24016655	-0.7564695	0.608355
-0.6635355	-0.725378	0.18321885
-0.066788025	-0.81520875	0.574979
-0.67390875	-0.645586	0.3592865
-0.3131625	-0.77530125	0.54850725
-0.91373625	-0.35135325	0.2041079
-0.7305725	-0.06491005	0.67944625
-0.06589475	-0.928109	0.36592425
-0.48810625	-0.72101275	0.49183275
-0.21027505	-0.85751375	0.4695495
-0.3509835	-0.81223825	0.46594575
-0.678233	-0.3872115	0.6245675
-0.510611	-0.27374375	0.81508975
-0.53648075	-0.057703725	0.84163175
-0.56051675	-0.5558405	0.613891
-0.0517851	-0.89885175	0.43447975
-0.458585	-0.86069125	0.221208425
-0.29024325	-0.885259	0.3634645
-0.58443725	-0.809369	0.052650025
-0.58593575	-0.580038	0.565887
-0.62207825	-0.63455075	0.4586625
-0.996124	-0.057984825	0.059283875
0.468513	-0.52532425	0.710311
0.81399125	-0.4077475	0.41374225
0.51470775	-0.265536	0.81522775
0.916521	-0.2647365	0.29988325
0.3027135	-0.863532	0.403365
0.93918875	-0.2658055	0.21746535
0.2847745	-0.28428225	0.9154855
0.29694575	-0.9243605	0.239585225
0.975029	-0.1369864	0.1748088
0.139727425	-0.146404025	0.97930825
0.0699215	-0.989453	0.126023125
0.31574325	-0.45946925	0.830194
0.57794525	-0.45515625	0.67736525
0.3706355	-0.8814325	0.29280825
0.265093	-0.614089	0.74340025
0.2290178	-0.777704	0.5854525
0.5834335	-0.76530325	0.27192925
0.6658755	-0.72035025	0.194240575
0.106813125	-0.4824255	0.8694065
0.81077025	-0.2155299	0.5442615
0.51765425	-0.821228	0.2400959
0.205066625	-0.9156875	0.34566875
0.7398315	-0.62151925	0.25765525
0.731912	-0.12594075	0.669668
0.284555	-0.9459365	0.15570535
0.18841155	-0.4071485	0.89373
0.0773013	-0.81733925	0.5707655
0.6213375	-0.540994	0.56680425
0.47539475	-0.155099925	0.8660035
0.4504305	-0.6593335	0.60199975
0.60737875	-0.67020025	0.4265405
0.63279175	-0.1561279	0.7584315
0.3635955	-0.812889	0.455015
0.057451475	-0.92998825	0.3623485
0.52819175	-0.105230425	0.84258525
0.2786505	-0.9024905	0.32847
0.1331158	-0.360624	0.923169
0.934657	-0.33664625	0.114439375
0.139320575	-0.858785	0.49304625
0.315614	-0.9462475	0.068491675
0.4012265	-0.9098415	0.10590055
0.38188775	-0.30677475	0.871825
0.2022292	-0.94382675	0.26136625
0.74200075	-0.51880825	0.4246085
0.97479975	-0.066381625	0.2122156
0.20492135	-0.075181975	0.97580825
0.206272275	-0.96339	0.17129395
0.08513285	-0.2210198	0.97153125
0.97473325	-0.21051435	0.073438525
0.216744825	-0.24666145	0.94456175
0.963469	-0.214676575	0.1601583
0.1359752	-0.97195075	0.191902625
0.124246125	-0.99017925	0.060801
0.38397175	-0.847615	0.36626
0.060459825	-0.95308475	0.2958215
0.988987	-0.067156025	0.130855525
0.093736	-0.063872725	0.99338325
0.15170305	-0.9808165	0.1224238
0.067904325	-0.136033525	0.9882435
0.989965	-0.13126995	0.044380775
0.212859175	-0.97359725	0.08210735
0.15032415	-0.53028975	0.83439225
0.723089	-0.434918	0.536661
0.76012925	-0.38648475	0.52235475
0.11969645	-0.65216575	0.7485755
0.58403125	-0.807189	0.085151325
0.85887	-0.2811575	0.42816325
0.1191546	-0.77845175	0.61630075
0.61056325	-0.31822225	0.72523825
0.374895	-0.7022035	0.6052965
0.64346775	-0.709409	0.28760175
0.39312225	-0.56371975	0.726423
0.36839375	-0.7581825	0.5380225
0.84159175	-0.429928	0.32698125
0.49491	-0.86491575	0.0828562
0.84860825	-0.52282125	0.0797157
0.75152725	-0.64635175	0.132103125
0.2259388	-0.4823995	0.8463245
0.4517555	-0.3400715	0.82480175
0.38715975	-0.641449	0.66231875
0.662087	-0.2190303	0.71672325
0.7221065	-0.193917125	0.664065
0.890752	-0.38327675	0.244302625
0.69681525	-0.6443715	0.31504375
0.5935345	-0.7824615	0.1883992
0.462965	-0.41609575	0.782656
0.31822125	-0.54842575	0.77329575
0.657946	-0.44629075	0.60658375
0.5395675	-0.61682825	0.573055
0.6200705	-0.609454	0.49404725
0.2418174	-0.72120025	0.64917
0.528093	-0.519255	0.67193825
0.40971425	-0.4875485	0.7710035
0.52762625	-0.73160375	0.43172375
0.624681	-0.74204675	0.243231725
0.754019	-0.568611	0.328871
0.475289	-0.58764875	0.6548075
0.88720225	-0.45674425	0.0616774
0.109290525	-0.425392	0.89839225
0.77816225	-0.147960375	0.6103985
0.58918475	-0.22306265	0.776615
0.92675675	-0.3258295	0.1870185
0.46515275	-0.86844975	0.171607425
0.53457075	-0.179230675	0.8259135
0.29525825	-0.7957535	0.5287985
0.68193075	-0.5432555	0.48974725
0.16576425	-0.89532825	0.41343575
0.34658925	-0.082660875	0.9343195
0.2631155	-0.41625525	0.8703635
0.159705075	-0.8067735	0.56888575
0.22425105	-0.86441525	0.45002425
0.9008095	-0.4014875	0.165437375
0.483473	-0.217947025	0.84780625
0.0539198	-0.448606	0.89177775
0.224334875	-0.826174	0.51685325
0.932488	-0.136391	0.33447925
0.37107725	-0.908427	0.192572075
0.61041675	-0.40218325	0.68239
0.59012775	-0.72807875	0.34882
0.08045775	-0.90094125	0.42625325
0.587844	-0.50789175	0.62966975
0.29592775	-0.180076675	0.93809175
0.64341725	-0.073472325	0.761804
0.8956185	-0.12587265	0.42665775
0.343945	-0.9296325	0.13227595
0.698101	-0.67200975	0.24714545
0.95608425	-0.068026	0.28453875
0.521537	-0.34055775	0.782335
0.42621425	-0.220977125	0.87723275
0.852897	-0.3495415	0.387836
0.45425725	-0.2672555	0.84985475
0.44261975	-0.894939	0.050432825
0.44893725	-0.077706225	0.89007425
0.79127725	-0.45989425	0.40299275
0.7617985	-0.06528	0.6442075
0.273948	-0.108802475	0.9555735
0.70837675	-0.06736195	0.702352
0.38862	-0.158468925	0.90767775
0.312595	-0.3787925	0.87110775
0.16067255	-0.46763	0.8692095
0.95791375	-0.1414532	0.24980355
0.44580875	-0.86204	0.241179775
0.2160946	-0.1642015	0.96247125
0.9360505	-0.347334	0.05024405
0.3568895	-0.2311678	0.9051055
0.232300125	-0.88962525	0.39322525
0.5875025	-0.130100375	0.79870375
0.68475125	-0.144590275	0.7143005
0.065659775	-0.97417675	0.215242075
0.9532415	-0.26988275	0.13602365
0.6805455	-0.60799375	0.40892175
0.9431895	-0.217882175	0.2508765
0.51755425	-0.046522125	0.853997
0.57450525	-0.059629875	0.8160285
0.118254575	-0.95697025	0.26501175
0.0628113	-0.37670125	0.923971
0.45064725	-0.83750825	0.30907525
0.2006314	-0.332115	0.92166525
0.0711968	-0.308155	0.948531
0.49852375	-0.4706325	0.728005
0.129976875	-0.93174175	0.33907975
0.055365875	-0.99648	0.053894875
0.985583	-0.133683125	0.1037077
0.05779645	-0.5303365	0.845511
0.1909501	-0.6506845	0.73496375
0.0893647	-0.601459	0.79385275
0.13125555	-0.71242825	0.689371
0.1594906	-0.5983935	0.785178
0.72727675	-0.37455125	0.575154
0.6769845	-0.35416025	0.6452
0.76128025	-0.64481625	0.065321375
0.68268975	-0.492232	0.54004725
0.1801644	-0.75155575	0.6346085
0.70234625	-0.70259575	0.114380375
0.87317875	-0.46951725	0.130861025
0.6954485	-0.27093275	0.66556225
0.0619448	-0.754618	0.65288975
0.39184425	-0.39890125	0.8290725
0.8654085	-0.06521235	0.49640725
0.562332	-0.6599225	0.49828125
0.95477425	-0.2899205	0.062722275
0.899975	-0.21522695	0.379135
0.70714475	-0.70511025	0.046017275
0.3115685	-0.6844755	0.659121
0.5493445	-0.4021945	0.73244575
0.22751625	-0.56415125	0.793721
0.77249825	-0.6064135	0.188501825
0.14486535	-0.28277575	0.9481885
0.5330525	-0.831866	0.1544992
0.248204325	-0.94620925	0.20760185
0.8105585	-0.517512	0.27423725
0.279882	-0.0536497	0.95822525
0.161150525	-0.21295625	0.96368525
0.82436775	-0.53712775	0.178701475
0.9312805	-0.1989624	0.305201
0.79938625	-0.58932825	0.1169838
0.7838725	-0.57067175	0.24475525
0.3230665	-0.62294675	0.712449
0.42995375	-0.70981875	0.55794775
0.7284185	-0.30793625	0.61205075
0.332606	-0.87477175	0.352392
0.9112505	-0.4018385	0.090127775
0.82609675	-0.275972	0.4913595
0.79353025	-0.49724025	0.350842
0.49396575	-0.690752	0.52807875
0.6457985	-0.67257325	0.361401
0.56180975	-0.287794	0.775611
0.523118	-0.7833655	0.3357295
0.766487	-0.4416615	0.466318
0.8415395	-0.1318619	0.523866
0.99550275	-0.0690434	0.060169525
0.88668825	-0.336372	0.31728125
0.72462925	-0.66325775	0.1871474
0.9142195	-0.3166135	0.25295225
0.64118575	-0.7566255	0.1281179
0.056870125	-0.68218125	0.7286105
0.75646225	-0.240173325	0.6083615
0.8152085	-0.06678845	0.57497925
0.25077875	-0.3648475	0.896673
0.656232	-0.75165575	0.06273865
0.77527875	-0.313181	0.5485285
0.059965875	-0.861152	0.50432075
0.928109	-0.0658953	0.36592475
0.7208985	-0.487386	0.49271375
0.8575115	-0.210279075	0.46955175
0.812199	-0.35101225	0.46599225
0.2726565	-0.514921	0.81273925
0.30318375	-0.74494025	0.5942805
0.200515625	-0.70308575	0.6822665
0.25638575	-0.6679545	0.6986615
0.4442785	-0.7548355	0.48255225
0.45119475	-0.7983625	0.398833
0.89885175	-0.051785675	0.43448025
0.86062275	-0.45860825	0.2214259
0.88524875	-0.29025875	0.3634775
0.8089615	-0.584993	0.05275135
0.5522335	-0.55613275	0.6210925
0.283097	-0.83476225	0.47229075
0.5373255	0.4537715	-0.71090575
0.749285	0.47287575	-0.46365825
0.40771675	0.814086	-0.413586
0.85295675	0.35392625	-0.38370725
0.251262	0.5164475	-0.818644
0.2647345	0.9165225	-0.2998805
0.92126925	0.25452975	-0.294111
0.283026	0.29113775	-0.91387175
0.94343225	0.1927354	-0.269827
0.2658045	0.93918925	-0.21746475
0.14640345	0.13972805	-0.97930825
0.973734	0.1755387	-0.14503075
0.13698625	0.975029	-0.174808525
0.4461475	0.330046	-0.83189725
0.45228475	0.58759975	-0.6709525
0.71926525	0.181349525	-0.6706655
0.60442125	0.255092	-0.75473625
0.76040275	0.56828475	-0.3144215
0.795822	0.2911665	-0.53096
0.72451975	0.662205	-0.1912573
0.496512	0.1117063	-0.86081975
0.21553545	0.81077325	-0.54425475
0.837355	0.51402025	-0.186126975
0.840225	0.12452835	-0.527755
0.6219275	0.73949725	-0.25762925
0.1259402	0.731912	-0.669668
0.9062575	0.37575675	-0.193715875
0.4128095	0.1730279	-0.894243
0.86834125	0.182306975	-0.46127025
0.536385	0.6314495	-0.559967
0.15509925	0.475395	-0.8660035
0.669294	0.42591825	-0.608813
0.66234225	0.6111125	-0.4334245
0.156127275	0.63279175	-0.75843175
0.38836975	0.56587975	-0.727301
0.1052297	0.528192	-0.84258525
0.36154925	0.1305145	-0.92317825
0.33664475	0.9346575	-0.114438175
0.2941525	0.38312225	-0.875626
0.5182005	0.742679	-0.4241645
0.0663815	0.97479975	-0.2122155
0.9753775	0.208514975	-0.07009075
0.075181225	0.2049216	-0.97580825
0.2210098	0.0851242	-0.97153425
0.973869	0.0570176	-0.2186468
0.210514125	0.97473325	-0.073437875
0.24643335	0.21779975	-0.9443785
0.2146763	0.963469	-0.16015785
0.82914275	0.4392315	-0.3458755
0.06715595	0.988987	-0.130855175
0.98965425	0.126655325	-0.06501475
0.063872175	0.093736625	-0.99338325
0.136033175	0.067905025	-0.98824375
0.131269875	0.989965	-0.044380375
0.52427175	0.163554175	-0.8357075
0.7836505	0.153116675	-0.6020485
0.68260225	0.53666975	-0.496033
0.43480025	0.72415125	-0.53532325
0.38645525	0.76046925	-0.5218815
0.69622625	0.28262725	-0.659862
0.604408	0.138830475	-0.7844935
0.28115	0.858896	-0.42811625
0.3076305	0.62807725	-0.71477525
0.59330425	0.38151675	-0.70884
0.710255	0.64078375	-0.2914785
0.42989525	0.841627	-0.3269335
0.5228325	0.84861475	-0.07955945
0.64659625	0.7514395	-0.13140495
0.47323375	0.23163905	-0.84995025
0.817684	0.56825975	-0.091875325
0.31493425	0.4686155	-0.8253735
0.68478225	0.111192675	-0.72022275
0.219033775	0.6620795	-0.716729
0.19391715	0.7221055	-0.664066
0.6439755	0.69678275	-0.315924
0.38327225	0.89075975	-0.24428165
0.78866175	0.5884385	-0.178253525
0.44669875	0.659271	-0.6048425
0.6074375	0.60594	-0.5136745
0.53331425	0.30134775	-0.790439
0.51833325	0.53842725	-0.664405
0.87590275	0.386726	-0.28856
0.469836	0.4191215	-0.77692375
0.72450375	0.354455	-0.5911685
0.7645275	0.247485825	-0.59520975
0.84031275	0.46796725	-0.27369925
0.6081735	0.4437535	-0.6581945
0.77411275	0.38464875	-0.502809
0.8670285	0.26738475	-0.4204735
0.8697605	0.4856225	-0.087307075
0.568283	0.75417275	-0.329085
0.45674275	0.8872035	-0.06166775
0.75756875	0.604791	-0.245642725
0.425392	0.1092913	-0.89839225
0.77406975	0.50584375	-0.3807385
0.14796205	0.77816275	-0.61039725
0.223065625	0.58917625	-0.77662075
0.8992645	0.22605735	-0.37449075
0.32582725	0.92675775	-0.187017625
0.179230075	0.534571	-0.8259135
0.819702	0.206619725	-0.53424775
0.91362025	0.3899895	-0.1149574
0.82682075	0.3270085	-0.45766875
0.74880325	0.0797606	-0.65784025
0.91433625	0.318988	-0.249522825
0.5521095	0.67808625	-0.48516025
0.082660125	0.34658925	-0.93431975
0.7214545	0.548238	-0.4230265
0.397266	0.26058075	-0.879947
0.8367205	0.25950575	-0.48227025
0.4014925	0.900811	-0.165416525
0.217946475	0.48347325	-0.84780625
0.8925485	0.08524925	-0.4427285
0.714405	0.44316725	-0.54151875
0.448606	0.053920275	-0.89177775
0.95163075	0.2973615	-0.076184375
0.13639055	0.93248825	-0.3344785
0.39945775	0.621447	-0.673982
0.718276	0.59033175	-0.3682535
0.9368115	0.15127245	-0.315459
0.50876175	0.5995265	-0.61784575
0.17981575	0.2969355	-0.93782325
0.073471825	0.64341725	-0.761804
0.1258729	0.895619	-0.4266565
0.79774525	0.54490575	-0.25827275
0.67299525	0.69701925	-0.2475158
0.068025775	0.95608425	-0.28453875
0.220976575	0.42621425	-0.87723275
0.66955125	0.23399405	-0.70496175
0.349523	0.8529405	-0.38775725
0.79934775	0.5071265	-0.32232275
0.267255	0.4542575	-0.84985475
0.07770555	0.4489375	-0.89007425
0.459929	0.791259	-0.402989
0.06528	0.7617985	-0.64420725
0.108744475	0.2741445	-0.95552375
0.067361525	0.70837675	-0.702352
0.15841965	0.38877775	-0.90761875
0.35569575	0.32353125	-0.87683525
0.90994275	0.14293745	-0.38934075
0.46533775	0.159504875	-0.87065325
0.141452925	0.95791375	-0.249803375
0.164107025	0.2164716	-0.9624025
0.34733325	0.936051	-0.050243375
0.228216725	0.35852675	-0.90520725
0.130099675	0.5875025	-0.79870375
0.14458965	0.68475125	-0.7143005
0.269882	0.95324175	-0.136022825
0.60642775	0.6852955	-0.403275
0.21788155	0.9431895	-0.25087625
0.04652175	0.51755425	-0.853997
0.059629425	0.57450525	-0.8160285
0.96380325	0.13956425	-0.2271833
0.9369315	0.30902	-0.163343225
0.9310245	0.07315405	-0.35721625
0.9605725	0.2456189	-0.1303073
0.37670125	0.062811875	-0.923971
0.341478	0.214587425	-0.91507825
0.8770395	0.441609	-0.18922695
0.30829825	0.070752225	-0.9485135
0.94859725	0.234763925	-0.212280025
0.89272925	0.30053725	-0.33576625
0.46522425	0.5124655	-0.721775
0.98784425	0.076983625	-0.13469975
0.133682975	0.985583	-0.103707075
0.50840475	0.0536851	-0.859108
0.37462875	0.72777	-0.574479
0.3534335	0.67970025	-0.642738
0.493997	0.6852525	-0.53516825
0.69680275	0.71088725	-0.095350025
0.63318925	0.77100175	-0.065001525
0.6996755	0.049132375	-0.712336
0.63040425	0.05773915	-0.7737865
0.46953925	0.8731775	-0.13078955
0.27048275	0.696572	-0.66457
0.8123645	0.069589	-0.578699
0.065212475	0.86540875	-0.49640675
0.28991975	0.95477425	-0.0627216
0.21522565	0.8999795	-0.379125
0.38699875	0.4908495	-0.78059
0.60691075	0.77221075	-0.188078725
0.284496	0.146868975	-0.94736525
0.57052525	0.2120332	-0.79345225
0.9040155	0.423832	-0.04983635
0.51746475	0.81059825	-0.27420925
0.0536367	0.27992	-0.95821475
0.6382045	0.49715125	-0.5878205
0.21323355	0.1618337	-0.9635095
0.53721875	0.82434775	-0.1785199
0.19896175	0.931281	-0.3052
0.6319	0.30980925	-0.71045125
0.57082325	0.7837805	-0.24469635
0.58738325	0.80087075	-0.11661305
0.345106	0.27308525	-0.897973
0.578998	0.3301345	-0.745516
0.8545605	0.0562597	-0.515774
0.3077125	0.729234	-0.61119175
0.40183625	0.911252	-0.090123375
0.9280705	0.3683325	-0.0484697
0.275982	0.82609825	-0.49135125
0.49703525	0.7936815	-0.35078975
0.5747015	0.562915	-0.59400275
0.31364525	0.5456555	-0.7771165
0.955007	0.0707124	-0.28757325
0.644725	0.18962405	-0.740538
0.65410475	0.367046	-0.661397
0.44142225	0.766962	-0.4657635
0.131862825	0.84154025	-0.52386475
0.67228675	0.64474075	-0.3638145
0.80429	0.415994	-0.42437125
0.99629325	0.05717455	-0.056390225
0.06904335	0.99550275	-0.0601691
0.336365	0.8866975	-0.31726225
0.6650175	0.72340225	-0.185643125
0.31661075	0.9142205	-0.252952
0.76323225	0.63904525	-0.095316525
0.240061625	0.75675975	-0.6080355
0.5769695	0.50243575	-0.6439415
0.06678875	0.81520875	-0.57497875
0.55379725	0.088192075	-0.82792825
0.31314225	0.775538	-0.54818425
0.38254975	0.400365	-0.8327015
0.627324	0.552017	-0.54931225
0.065895125	0.928109	-0.36592425
0.2102821	0.8575125	-0.4695485
0.4893975	0.721141	-0.4903595
0.350962	0.81235175	-0.465764
0.608524	0.64658775	-0.460035
0.051785675	0.89885175	-0.43447975
0.4586165	0.860634	-0.221365525
0.2902515	0.885264	-0.36344575
0.53710375	0.3758305	-0.75517825
0.582169	0.811006	-0.052577775
0.4977025	0.35748075	-0.79027075
-0.4690625	0.5255315	-0.7097945
-0.47965625	0.74373225	-0.46562825
-0.5147085	0.2655385	-0.8152265
-0.81403675	0.4077015	-0.41369775
-0.3392095	0.861581	-0.37768225
-0.9165235	0.26473125	-0.29988025
-0.3345295	0.89443125	-0.29683225
-0.28478075	0.2843355	-0.915467
-0.93918925	0.2658045	-0.2174645
-0.20955	0.9199465	-0.33137225
-0.23466435	0.95858925	-0.16140045
-0.139728	0.146403975	-0.97930825
-0.975029	0.1369864	-0.1748084
-0.093570125	0.98575725	-0.13974115
-0.315942	0.45846775	-0.830672
-0.5781045	0.45505425	-0.67729775
-0.26939225	0.59222025	-0.759428
-0.55994425	0.7721265	-0.3005125
-0.274976	0.788529	-0.550126
-0.66243325	0.7277405	-0.1777552
-0.10476325	0.491491	-0.86456525
-0.314707	0.92716275	-0.203337975
-0.81077225	0.215526625	-0.54425975
-0.47588775	0.8546675	-0.20759725
-0.17643575	0.854505	-0.488584
-0.739913	0.62206425	-0.256101
-0.731912	0.125940775	-0.669668
-0.395233	0.88966475	-0.228712875
-0.1556093	0.9452005	-0.28704225
-0.18844025	0.407395	-0.8936115
-0.62403575	0.53781625	-0.56686325
-0.47539475	0.1550999	-0.8660035
-0.448031	0.66033125	-0.60269675
-0.6169915	0.668968	-0.41450725
-0.63279175	0.156127875	-0.7584315
-0.097742175	0.86640425	-0.48969075
-0.52819175	0.1052304	-0.84258525
-0.133121775	0.3606785	-0.92314675
-0.9346575	0.33664475	-0.114437875
-0.062570025	0.94202825	-0.32900025
-0.381897	0.306855	-0.87179275
-0.74236775	0.5187035	-0.4240945
-0.97479975	0.06638165	-0.21221545
-0.204921575	0.075181925	-0.97580825
-0.085133925	0.221024875	-0.97153
-0.97473325	0.210514175	-0.073437725
-0.159621525	0.966923	-0.198969075
-0.216747425	0.2466834	-0.9445555
-0.963469	0.21467645	-0.16015765
-0.40990425	0.80815375	-0.4229525
-0.274349	0.8951755	-0.3513165
-0.988987	0.067156025	-0.130855125
-0.0937366	0.0638727	-0.99338325
-0.067904975	0.1360335	-0.9882435
-0.989965	0.1312699	-0.0443803
-0.125215975	0.9898655	-0.064500625
-0.078986675	0.9703595	-0.228167175
-0.148040125	0.540542	-0.828199
-0.7232185	0.43486875	-0.53652675
-0.76019125	0.38644625	-0.522293
-0.13366395	0.6526615	-0.74577525
-0.85888125	0.28114375	-0.42814975
-0.144793925	0.77492375	-0.6152585
-0.4087925	0.76114275	-0.503553
-0.6105875	0.318227	-0.7252155
-0.53394775	0.6791865	-0.5036015
-0.2603565	0.83523975	-0.4843745
-0.63925	0.713966	-0.2857255
-0.39476975	0.56353325	-0.72567375
-0.84165675	0.42989625	-0.32685575
-0.8486955	0.52270175	-0.07955735
-0.7514575	0.64658975	-0.131332575
-0.575155	0.81353275	-0.0852049
-0.22628455	0.48137075	-0.84681775
-0.38344425	0.72297825	-0.5747105
-0.451766	0.34016325	-0.82475825
-0.127359175	0.82142775	-0.55592275
-0.3914285	0.63454525	-0.66644625
-0.662088	0.219030425	-0.716722
-0.722107	0.193916925	-0.66406475
-0.890776	0.38326225	-0.24423765
-0.3183215	0.542356	-0.77752475
-0.696894	0.6446465	-0.3143065
-0.59429025	0.78714325	-0.165053775
-0.4630765	0.41624675	-0.78250975
-0.48505275	0.822814	-0.2961895
-0.65804425	0.446217	-0.6065315
-0.598329	0.61054175	-0.51888925
-0.52935675	0.62311525	-0.57576925
-0.5296735	0.517282	-0.672216
-0.4101265	0.4869435	-0.77116675
-0.45264275	0.88794575	-0.0807854
-0.75431025	0.56864775	-0.32813875
-0.88720525	0.45673975	-0.0616651
-0.244391725	0.70074275	-0.6702655
-0.60266525	0.7602215	-0.242654825
-0.10929125	0.425392	-0.89839225
-0.77816275	0.14795935	-0.610398
-0.58918625	0.223063275	-0.77661375
-0.47499975	0.58685375	-0.65573
-0.92675825	0.32582675	-0.1870168
-0.53457075	0.17923065	-0.8259135
-0.5516825	0.71375675	-0.4315185
-0.4097015	0.8535785	-0.3218305
-0.6735445	0.55509475	-0.48806975
-0.34658925	0.08266085	-0.93431975
-0.263221	0.4165635	-0.870184
-0.6664335	0.741997	-0.070655175
-0.90082875	0.40147325	-0.165367125
-0.48347325	0.217947	-0.84780625
-0.054180525	0.45937475	-0.88626575
-0.9324885	0.136389825	-0.33447825
-0.46185	0.70632075	-0.53648725
-0.5043735	0.777265	-0.37615375
-0.61049675	0.40214825	-0.682339
-0.58948325	0.721227	-0.3638195
-0.5877985	0.50726625	-0.630216
-0.2959295	0.180087825	-0.938089
-0.64341725	0.073472325	-0.761804
-0.895619	0.125870975	-0.42665675
-0.6968775	0.674712	-0.243202425
-0.95608425	0.068025925	-0.28453875
-0.5215785	0.34060875	-0.782285
-0.5458885	0.80679525	-0.22607275
-0.42621425	0.220977075	-0.87723275
-0.138954675	0.88745725	-0.439459
-0.852922	0.349511	-0.3878085
-0.45425725	0.2672555	-0.84985475
-0.4489375	0.0777062	-0.89007425
-0.791351	0.4598065	-0.4029475
-0.37128775	0.91524775	-0.156464725
-0.7617985	0.065279825	-0.64420725
-0.2739485	0.1088047	-0.95557325
-0.70837675	0.06736195	-0.702352
-0.38862025	0.158470825	-0.90767725
-0.31265675	0.37902675	-0.87098375
-0.160745025	0.468001	-0.8689965
-0.95791375	0.14145315	-0.24980325
-0.2160956	0.164207375	-0.96247
-0.936051	0.34733325	-0.0502432
-0.35689375	0.231197975	-0.90509625
-0.5875025	0.13010035	-0.79870375
-0.68475125	0.144590225	-0.7143005
-0.953242	0.269882	-0.1360225
-0.9431895	0.217881725	-0.250876
-0.51755425	0.046522125	-0.853997
-0.57450525	0.059629875	-0.8160285
-0.07380085	0.905174	-0.4182975
-0.68513325	0.60899925	-0.39966025
-0.211396675	0.887509	-0.409465
-0.242611675	0.9330175	-0.2657805
-0.06281185	0.37670125	-0.923971
-0.200642175	0.33221225	-0.92162775
-0.071198475	0.3081695	-0.9485265
-0.1427516	0.9177805	-0.3705565
-0.4957775	0.469441	-0.73064575
-0.985583	0.133683075	-0.10370695
-0.19186085	0.68602725	-0.70184025
-0.2097201	0.6234645	-0.75321425
-0.123425975	0.72358675	-0.679117
-0.0933578	0.61245875	-0.78495425
-0.196853925	0.739907	-0.64328075
-0.166761775	0.590907	-0.78932775
-0.057285625	0.8396585	-0.53960275
-0.727332	0.37451475	-0.57510775
-0.43026375	0.8904515	-0.148272725
-0.51378675	0.854394	-0.076272025
-0.677028	0.35413325	-0.6451695
-0.7116435	0.69346275	-0.112629825
-0.683254	0.493585	-0.53809525
-0.76307575	0.64267975	-0.065437875
-0.32194425	0.6905445	-0.64770275
-0.873224	0.46947725	-0.130702125
-0.695461	0.27092675	-0.66555175
-0.3919755	0.3989605	-0.82898225
-0.86540875	0.06521175	-0.49640675
-0.9547745	0.28992	-0.0627214
-0.89997825	0.215221125	-0.3791305
-0.548973	0.402007	-0.732827
-0.3112865	0.751441	-0.581773
-0.590667	0.6588025	-0.46594
-0.23147495	0.55562825	-0.79857275
-0.77265	0.60657625	-0.187352675
-0.7111485	0.700815	-0.050201275
-0.1448691	0.282808	-0.94817825
-0.2065849	0.797912	-0.56628825
-0.34206775	0.78805525	-0.51184675
-0.8107035	0.517518	-0.27379675
-0.27988225	0.053650125	-0.95822525
-0.161152325	0.2129694	-0.963682
-0.931281	0.19896105	-0.3052
-0.82450325	0.537069	-0.178251575
-0.48547275	0.8643375	-0.13134705
-0.79974325	0.5889335	-0.116532
-0.784013	0.5708165	-0.2439658
-0.53454775	0.831962	-0.148703
-0.32698275	0.614307	-0.71814325
-0.728442	0.307919	-0.6120315
-0.07472175	0.77622775	-0.62580875
-0.91125375	0.40183275	-0.090120125
-0.4978255	0.66519025	-0.556501
-0.25896125	0.746747	-0.61264225
-0.82610175	0.27596425	-0.49135575
-0.793701	0.4971835	-0.35053575
-0.3835905	0.91968175	-0.083381675
-0.45151225	0.81814225	-0.356103
-0.28486975	0.8637315	-0.41574875
-0.5618185	0.287807	-0.7756
-0.0599831	0.68029225	-0.73015575
-0.6243595	0.77465575	-0.100459575
-0.76662675	0.441603	-0.46614375
-0.84154	0.1318608	-0.5238655
-0.99550275	0.0690434	-0.06016905
-0.886702	0.33635	-0.317266
-0.260412	0.652723	-0.71145375
-0.91422175	0.31660875	-0.25294975
-0.25082225	0.36503775	-0.89658325
-0.7564695	0.24016655	-0.608355
-0.72537625	0.66353775	-0.183217875
-0.81520875	0.066788025	-0.574979
-0.6455795	0.67390975	-0.3592965
-0.77530125	0.3131625	-0.54850725
-0.06488285	0.73045675	-0.67957275
-0.32844825	0.83368975	-0.4439755
-0.2056907	0.97563875	-0.075290325
-0.928109	0.06589475	-0.36592425
-0.72101275	0.4881065	-0.49183275
-0.85751375	0.21027505	-0.4695495
-0.81223825	0.3509835	-0.46594575
-0.29841175	0.94942825	-0.09768205
-0.38717725	0.6785415	-0.6242535
-0.2737435	0.51061225	-0.815089
-0.057703375	0.5364795	-0.8416325
-0.442442	0.8569835	-0.26429875
-0.55584	0.56052425	-0.6138845
-0.89885175	0.0517851	-0.43447975
-0.86069125	0.458585	-0.22120835
-0.885259	0.29024325	-0.3634645
-0.80936875	0.5844375	-0.052649925
-0.5800375	0.5859435	-0.5658795
-0.16118295	0.978455	-0.129032475
-0.63454925	0.6220805	-0.4586615
-0.0506044	0.995493	-0.075702
-0.5795095	-0.69253025	-0.42962725
-0.52585075	-0.468969	-0.70962
-0.74687725	-0.47669025	-0.4636365
-0.2655385	-0.5147085	-0.8152265
-0.3912805	-0.82158425	-0.414636
-0.27362125	-0.9133285	-0.30164475
-0.897477	-0.29156	-0.33098975
-0.28433675	-0.2847805	-0.91546675
-0.26580525	-0.93918875	-0.217465875
-0.146403975	-0.139728	-0.97930825
-0.1369864	-0.975029	-0.1748084
-0.9717065	-0.1776892	-0.15562785
-0.4599545	-0.31574575	-0.829924
-0.45558225	-0.57789	-0.677126
-0.6245075	-0.25802425	-0.737182
-0.7590855	-0.578051	-0.29945125
-0.792299	-0.25084875	-0.556203
-0.73208225	-0.6546345	-0.188501725
-0.4913605	-0.104707575	-0.864646
-0.2157862	-0.81070725	-0.54425375
-0.62718675	-0.73710425	-0.251668
-0.125940775	-0.731912	-0.669668
-0.89194125	-0.40782025	-0.1953092
-0.40741225	-0.18843435	-0.893605
-0.8898525	-0.137651925	-0.43500275
-0.55438075	-0.59396025	-0.58298425
-0.1550999	-0.47539475	-0.8660035
-0.6590805	-0.4545945	-0.5991395
-0.94811325	-0.26612075	-0.174000075
-0.6726985	-0.6133475	-0.413879
-0.156127875	-0.63279175	-0.7584315
-0.92545375	-0.06697205	-0.3724215
-0.1052304	-0.52819175	-0.84258525
-0.36068175	-0.133120625	-0.92314575
-0.33664525	-0.93465725	-0.11443885
-0.3068555	-0.381897	-0.87179275
-0.50828175	-0.7464405	-0.429528
-0.06638165	-0.97479975	-0.21221545
-0.075181925	-0.204921575	-0.97580825
-0.221025	-0.085133875	-0.97153
-0.2105142	-0.97473325	-0.0734378
-0.246683925	-0.2167473	-0.94455525
-0.21467645	-0.963469	-0.16015765
-0.95670075	-0.28462675	-0.0562869
-0.9759975	-0.086335125	-0.199899575
-0.80348175	-0.4425915	-0.398191
-0.989662	-0.125614375	-0.067252375
-0.067156025	-0.988987	-0.130855125
-0.0638727	-0.0937366	-0.99338325
-0.1360335	-0.067904975	-0.9882435
-0.131269925	-0.989965	-0.044380325
-0.9434875	-0.16104715	-0.28966875
-0.54097825	-0.1471822	-0.828067
-0.44686775	-0.719012	-0.532304
-0.37135475	-0.76810975	-0.52165975
-0.6542085	-0.129877025	-0.745088
-0.765594	-0.13884235	-0.62817625
-0.27328425	-0.86043575	-0.43011325
-0.782638	-0.3877225	-0.48700225
-0.31843625	-0.6104965	-0.7252005
-0.69176725	-0.52622925	-0.494518
-0.701864	-0.3824975	-0.60091725
-0.7117945	-0.64152225	-0.28605025
-0.56469675	-0.3944405	-0.72494775
-0.82524625	-0.299149	-0.47906725
-0.42805575	-0.84202875	-0.32831
-0.526744	-0.8448835	-0.0932375
-0.48294025	-0.2255935	-0.84610825
-0.815296	-0.5726655	-0.085113675
-0.34016325	-0.451766	-0.82475825
-0.633324	-0.3930635	-0.66664525
-0.21903155	-0.662088	-0.71672175
-0.193917875	-0.7221055	-0.664066
-0.33500625	-0.821291	-0.4618205
-0.38330225	-0.891507	-0.241491175
-0.54846025	-0.31773575	-0.773471
-0.64693325	-0.696024	-0.31152475
-0.78712	-0.59196425	-0.173321775
-0.41632975	-0.463067	-0.78247125
-0.448087	-0.65689125	-0.6064025
-0.6116705	-0.6387355	-0.46678
-0.87026375	-0.416702	-0.2627375
-0.6003035	-0.531998	-0.59717525
-0.523591	-0.547043	-0.6531465
-0.69308225	-0.246229725	-0.677517
-0.488064	-0.4099765	-0.77053775
-0.940704	-0.32027475	-0.11183955
-0.860103	-0.50538375	-0.066613875
-0.88894725	-0.2223496	-0.40044375
-0.57741975	-0.7418165	-0.34105275
-0.456745	-0.887202	-0.061674175
-0.5897885	-0.46775225	-0.6583045
-0.7578485	-0.60616725	-0.241349225
-0.425392	-0.10929125	-0.89839225
-0.14801665	-0.77815	-0.6104005
-0.2230644	-0.589186	-0.77661375
-0.32583425	-0.9267525	-0.1870314
-0.17923065	-0.53457075	-0.8259135
-0.84878525	-0.2099537	-0.4852895
-0.9005275	-0.34852075	-0.26002275
-0.9123335	-0.3913585	-0.1203969
-0.7248235	-0.54372075	-0.42309975
-0.52919575	-0.692389	-0.490466
-0.08266085	-0.34658925	-0.93431975
-0.41662125	-0.26319375	-0.87016475
-0.7385045	-0.66846225	-0.087687325
-0.4016065	-0.9007955	-0.165223725
-0.217947	-0.48347325	-0.84780625
-0.45928825	-0.05416865	-0.886311
-0.135839775	-0.932575	-0.334461
-0.7764855	-0.5257665	-0.34737175
-0.40292425	-0.610086	-0.6822485
-0.71670425	-0.445648	-0.53642175
-0.7202985	-0.5951645	-0.356333
-0.885839	-0.068724425	-0.458512
-0.80842525	-0.166184	-0.56467075
-0.49459775	-0.6022205	-0.626662
-0.1800881	-0.2959295	-0.938089
-0.073472325	-0.64341725	-0.761804
-0.1248318	-0.895838	-0.4265025
-0.802728	-0.5439435	-0.244490525
-0.68072325	-0.69217875	-0.239843675
-0.068026725	-0.956084	-0.28453925
-0.34067725	-0.52156025	-0.78226725
-0.220977075	-0.42621425	-0.87723275
-0.9259105	-0.27957325	-0.25406925
-0.3291905	-0.8662125	-0.37594975
-0.2672555	-0.45425725	-0.84985475
-0.8536735	-0.0518779	-0.51763975
-0.0777062	-0.4489375	-0.89007425
-0.4586025	-0.7911575	-0.4046965
-0.0652897	-0.761797	-0.64420825
-0.10880475	-0.2739485	-0.95557325
-0.067361975	-0.70837675	-0.702352
-0.158470875	-0.38862025	-0.90767725
-0.3790635	-0.3126455	-0.87097175
-0.92259275	-0.3394595	-0.183329225
-0.4680595	-0.160722375	-0.86896925
-0.14145315	-0.95791375	-0.249803275
-0.164207525	-0.216095575	-0.96247
-0.34733325	-0.93605075	-0.05024345
-0.231198375	-0.3568935	-0.90509625
-0.13010035	-0.5875025	-0.79870375
-0.144590225	-0.68475125	-0.7143005
-0.26988325	-0.953241	-0.13602535
-0.217882325	-0.94318925	-0.25087725
-0.046522125	-0.51755425	-0.853997
-0.81097475	-0.07902825	-0.579561
-0.953893	-0.086769275	-0.28727675
-0.059629875	-0.57450525	-0.8160285
-0.62555525	-0.67509575	-0.391078
-0.97562325	-0.207660075	-0.06906
-0.37670125	-0.06281185	-0.923971
-0.33221725	-0.200640725	-0.9216265
-0.30817	-0.071198225	-0.94852625
-0.94805075	-0.20741285	-0.2412349
-0.962195	-0.2469868	-0.1148269
-0.47097375	-0.498748	-0.7276305
-0.92334175	-0.1446765	-0.35569825
-0.133683075	-0.985583	-0.103706975
-0.99019125	-0.072147675	-0.1189571
-0.852594	-0.119624775	-0.50871025
-0.6694865	-0.1885759	-0.7185055
-0.71177575	-0.13283995	-0.68974175
-0.61141875	-0.092264	-0.7858885
-0.612917	-0.17377835	-0.770815
-0.75018175	-0.06491025	-0.65773125
-0.3748965	-0.72776225	-0.57431425
-0.78249975	-0.325359	-0.530907
-0.35479925	-0.676823	-0.6450185
-0.830958	-0.36475525	-0.42011175
-0.96101325	-0.1477756	-0.233719
-0.72999175	-0.194985875	-0.65507025
-0.6362615	-0.76721375	-0.079865
-0.46992	-0.87258625	-0.1333449
-0.27119825	-0.695381	-0.66552475
-0.7711355	-0.20229595	-0.6036975
-0.93009375	-0.36223325	-0.056283775
-0.85567775	-0.4707345	-0.2150502
-0.39920425	-0.3919465	-0.8288785
-0.065049775	-0.865438	-0.49637425
-0.28992025	-0.95477425	-0.0627221
-0.56970275	-0.8200715	-0.04774485
-0.2207595	-0.897714	-0.38130775
-0.74286275	-0.31941375	-0.588348
-0.678803	-0.3149975	-0.66334475
-0.40254125	-0.5493215	-0.73227225
-0.608286	-0.774546	-0.173457825
-0.87927175	-0.45635275	-0.136510775
-0.5550795	-0.233852175	-0.79826175
-0.697619	-0.713253	-0.064739175
-0.662341	-0.583439	-0.470011
-0.28280975	-0.1448686	-0.94817775
-0.863968	-0.30308275	-0.40215225
-0.5795185	-0.7753765	-0.25095475
-0.053650125	-0.27988225	-0.95822525
-0.539464	-0.82141125	-0.18516345
-0.2129699	-0.1611522	-0.963682
-0.198425225	-0.9313955	-0.3051995
-0.57942175	-0.80698925	-0.114243725
-0.60986225	-0.337586	-0.71702525
-0.5040705	-0.7839895	-0.3623555
-0.308453	-0.72839025	-0.61182425
-0.40184275	-0.91124775	-0.090138425
-0.8366455	-0.525532	-0.154453225
-0.86066725	-0.37795575	-0.3412185
-0.26495225	-0.8310295	-0.48910175
-0.7753325	-0.6223085	-0.107715475
-0.6245865	-0.5746915	-0.528793
-0.6615615	-0.506899	-0.55262275
-0.83224975	-0.46504175	-0.30186875
-0.92411425	-0.218774075	-0.31331975
-0.2878135	-0.56181775	-0.775598
-0.677734	-0.71850575	-0.156342575
-0.89841975	-0.43427025	-0.06162345
-0.131928575	-0.8415265	-0.52387
-0.42881225	-0.77418275	-0.465598
-0.73692575	-0.25567925	-0.62577325
-0.6802395	-0.061297825	-0.730109
-0.0690434	-0.99550275	-0.06016905
-0.34163875	-0.88906175	-0.30476325
-0.509763	-0.6509675	-0.56247725
-0.31663525	-0.91419975	-0.25299575
-0.36506175	-0.25081325	-0.896576
-0.6771205	-0.64580975	-0.35278675
-0.240562825	-0.75638175	-0.6083075
-0.76610525	-0.49570375	-0.4091155
-0.066811475	-0.81520525	-0.5749815
-0.7471055	-0.37317525	-0.5500865
-0.30293075	-0.78068475	-0.54661675
-0.065629325	-0.9281375	-0.36589275
-0.206398025	-0.85887725	-0.468777
-0.858394	-0.2592765	-0.4426785
-0.5127465	-0.27395125	-0.813678
-0.56755675	-0.631928	-0.5277735
-0.996459	-0.0560263	-0.05371045
-0.479325	-0.73445375	-0.480456
-0.53634975	-0.05741065	-0.8417325
-0.051487	-0.8988915	-0.4344285
-0.46253875	-0.85696775	-0.2273465
-0.517497	-0.80717575	-0.28406675
0.468495	-0.5253335	-0.710316
0.4749915	-0.75905075	-0.44524425
0.813989	-0.40775075	-0.41374325
0.51470775	-0.265536	-0.81522775
0.916521	-0.26473675	-0.2998835
0.2874135	-0.854588	-0.43255425
0.93918875	-0.2658055	-0.21746535
0.2847745	-0.28428225	-0.9154855
0.975029	-0.1369864	-0.1748088
0.139727425	-0.146404025	-0.97930825
0.14931025	-0.97539675	-0.162212025
0.31571475	-0.4594785	-0.8301995
0.5779365	-0.45516225	-0.677369
0.3372595	-0.898238	-0.2818735
0.2631195	-0.60806475	-0.74903225
0.57080725	-0.76766575	-0.29136775
0.661002	-0.7188885	-0.21517705
0.106813125	-0.4824255	-0.8694065
0.81077	-0.21552995	-0.54426175
0.51405675	-0.82454775	-0.23642085
0.73756325	-0.6240455	-0.25805225
0.731912	-0.12594075	-0.669668
0.19824475	-0.951671	-0.2345934
0.188410425	-0.407149	-0.89373
0.0771624	-0.805179	-0.5878105
0.62128575	-0.54086825	-0.566981
0.47539475	-0.155099925	-0.8660035
0.44657825	-0.6664055	-0.59706325
0.606865	-0.6707165	-0.42646025
0.172039975	-0.93323	-0.31543725
0.63279175	-0.1561279	-0.7584315
0.52819175	-0.105230425	-0.84258525
0.1331156	-0.360624	-0.923169
0.934657	-0.33664625	-0.114439375
0.1271856	-0.86963375	-0.477047
0.38188775	-0.30677475	-0.871825
0.7419335	-0.5188715	-0.42464875
0.97479975	-0.066381625	-0.2122156
0.20492135	-0.075181975	-0.97580825
0.08513285	-0.221019825	-0.97153125
0.97473325	-0.21051435	-0.073438525
0.2167448	-0.246661475	-0.94456175
0.963469	-0.214676575	-0.1601583
0.182759175	-0.97993875	-0.078957325
0.2591735	-0.919329	-0.2961215
0.3473405	-0.844466	-0.40775325
0.235408275	-0.95869275	-0.159693525
0.2906015	-0.92959	-0.2267845
0.988987	-0.067156025	-0.130855525
0.093736	-0.063872725	-0.99338325
0.067904325	-0.136033525	-0.9882435
0.989965	-0.13126995	-0.044380775
0.1584534	-0.52917825	-0.83359425
0.462214	-0.87170525	-0.162809
0.72308225	-0.43492675	-0.53666325
0.7601265	-0.38648875	-0.522356
0.141502175	-0.6579365	-0.73966925
0.85886925	-0.2811585	-0.42816375
0.6105625	-0.318223	-0.7252385
0.3615855	-0.6991185	-0.61685275
0.63900475	-0.71160175	-0.29209875
0.393034	-0.56376375	-0.72643675
0.53032325	-0.83651675	-0.1378751
0.8415175	-0.43007675	-0.326977
0.84863075	-0.52281675	-0.07948705
0.7497185	-0.64860675	-0.131323125
0.227709075	-0.46748275	-0.85418425
0.4517555	-0.3400715	-0.82480175
0.66208675	-0.219030325	-0.71672325
0.38926775	-0.63142425	-0.6706635
0.7221065	-0.193917125	-0.664065
0.890713	-0.3833775	-0.244286475
0.695996	-0.64487425	-0.31582525
0.59300025	-0.78125475	-0.194977825
0.46296075	-0.41609825	-0.78265725
0.33562025	-0.54039475	-0.7715925
0.65794175	-0.446294	-0.606586
0.5387585	-0.6178445	-0.57272125
0.61991425	-0.609243	-0.49450375
0.528063	-0.51923125	-0.67198
0.40968425	-0.48756225	-0.7710105
0.51209225	-0.77496125	-0.370436
0.537829	-0.71717825	-0.4431825
0.61922525	-0.746125	-0.2447016
0.75353975	-0.569126	-0.329079
0.17440175	-0.8334005	-0.5244505
0.47459625	-0.58891375	-0.6541735
0.887202	-0.4567445	-0.06167775
0.109290525	-0.425392	-0.89839225
0.77816225	-0.147960375	-0.6103985
0.58918475	-0.2230627	-0.776615
0.92675675	-0.3258295	-0.187018525
0.53457075	-0.179230675	-0.8259135
0.26053025	-0.816441	-0.51534225
0.68184225	-0.54327275	-0.4898515
0.20152065	-0.86771325	-0.4544085
0.34658925	-0.082660875	-0.9343195
0.26311025	-0.4162575	-0.870364
0.634301	-0.76981325	-0.068580575
0.90076225	-0.40160825	-0.165401075
0.483473	-0.217947025	-0.84780625
0.0539198	-0.448606	-0.89177775
0.932488	-0.13639105	-0.33447925
0.47852075	-0.714009	-0.5110935
0.610413	-0.402186	-0.68239175
0.58635625	-0.71986125	-0.371495
0.14793735	-0.9054215	-0.39792225
0.58781775	-0.507816	-0.62975525
0.29592775	-0.180076675	-0.93809175
0.64341725	-0.073472325	-0.761804
0.415006	-0.90260025	-0.11443215
0.89561825	-0.125872725	-0.42665775
0.69606225	-0.672185	-0.25236425
0.95608425	-0.068026	-0.28453875
0.5215355	-0.34055875	-0.7823355
0.42621425	-0.220977125	-0.87723275
0.85289525	-0.34954425	-0.38783725
0.45425725	-0.2672555	-0.84985475
0.08093955	-0.897228	-0.43393125
0.44893725	-0.077706225	-0.89007425
0.79127425	-0.4598985	-0.402994
0.7617985	-0.065280025	-0.6442075
0.273948	-0.108802475	-0.9555735
0.70837675	-0.06736195	-0.702352
0.38862	-0.158468925	-0.90767775
0.31259275	-0.3787935	-0.87110825
0.228681	-0.8991065	-0.37327575
0.160668425	-0.4676315	-0.8692095
0.95791375	-0.1414532	-0.24980355
0.2160946	-0.1642015	-0.96247125
0.9360505	-0.347334	-0.05024405
0.3568895	-0.2311678	-0.9051055
0.2704005	-0.9591505	-0.08274415
0.5875025	-0.130100375	-0.79870375
0.68475125	-0.144590275	-0.7143005
0.9532415	-0.26988275	-0.136023675
0.680288	-0.60820225	-0.40904
0.3287205	-0.93433225	-0.13776295
0.9431895	-0.217882175	-0.2508765
0.51755425	-0.046522125	-0.853997
0.0790432	-0.93379575	-0.34876425
0.57450525	-0.059629875	-0.8160285
0.45734125	-0.832515	-0.3127075
0.41901625	-0.8097435	-0.41080825
0.0628113	-0.37670125	-0.923971
0.2006311	-0.33211525	-0.92166525
0.30657275	-0.8860825	-0.34770875
0.071196775	-0.30815525	-0.948531
0.0847312	-0.85117775	-0.517897
0.498509	-0.470641	-0.72800975
0.985583	-0.133683125	-0.1037077
0.057775525	-0.53034075	-0.8455095
0.7018725	-0.705441	-0.0986476
0.090240525	-0.5993935	-0.79531975
0.140699	-0.714977	-0.68485525
0.72727425	-0.37455425	-0.575155
0.21038215	-0.72638	-0.65432175
0.594437	-0.7950415	-0.12068465
0.49506675	-0.8653105	-0.0771063
0.67698275	-0.354162	-0.645201
0.14795445	-0.76408125	-0.62793925
0.7695545	-0.63489975	-0.06552765
0.682662	-0.492245	-0.54007075
0.8730775	-0.469737	-0.130747375
0.69544825	-0.27093325	-0.6655625
0.391837	-0.398905	-0.82907425
0.8654085	-0.06521235	-0.49640725
0.071501875	-0.7519295	-0.65512475
0.549229	-0.66620475	-0.504503
0.95477425	-0.2899205	-0.062722275
0.89997475	-0.21522735	-0.37913525
0.549339	-0.40219825	-0.73244775
0.76998775	-0.609894	-0.18754225
0.14486525	-0.28277575	-0.9481885
0.8101705	-0.51813775	-0.27420175
0.10297355	-0.9612425	-0.255766
0.279882	-0.0536497	-0.95822525
0.1611505	-0.21295625	-0.96368525
0.823933	-0.53789475	-0.17839885
0.9312805	-0.19896245	-0.305201
0.5711075	-0.81791525	-0.06693335
0.654743	-0.7412825	-0.147741575
0.80000375	-0.588575	-0.116555125
0.78273675	-0.57228475	-0.2446235
0.3290885	-0.611097	-0.71991875
0.406807	-0.72553	-0.55509225
0.7284175	-0.3079375	-0.61205125
0.9112505	-0.40183875	-0.090127975
0.102955375	-0.9889345	-0.1068125
0.82609675	-0.27597225	-0.4913595
0.793411	-0.49738825	-0.350902
0.5047415	-0.66505525	-0.550401
0.64363175	-0.673112	-0.364252
0.5618095	-0.28779425	-0.77561125
0.7664735	-0.4416775	-0.46632525
0.39970675	-0.87459	-0.27451325
0.8415395	-0.131861925	-0.523866
0.71382225	-0.67597	-0.18315375
0.99550275	-0.0690434	-0.060169525
0.88668725	-0.336374	-0.31728225
0.38088075	-0.9021525	-0.2026616
0.91421925	-0.31661375	-0.25295225
0.756462	-0.24017365	-0.60836175
0.8152085	-0.06678845	-0.57497925
0.057279225	-0.67979425	-0.73081
0.250777	-0.36484825	-0.896673
0.77527775	-0.31318225	-0.548529
0.066365375	-0.98143825	-0.179065975
0.928109	-0.0658953	-0.36592475
0.720858	-0.48740975	-0.49274925
0.8575115	-0.210279175	-0.46955175
0.8121965	-0.35101625	-0.465994
0.25115625	-0.5354745	-0.80635675
0.343621	-0.81300025	-0.47008475
0.26998425	-0.66910325	-0.69241225
0.0594863	-0.99600175	-0.06036875
0.14444665	-0.8068585	-0.572828
0.44742775	-0.86132475	-0.2407353
0.2240639	-0.77770875	-0.5873595
0.89885175	-0.0517857	-0.43448025
0.86045925	-0.45895325	-0.2213465
0.41004725	-0.7644575	-0.49747425
0.1848096	-0.60277875	-0.77622575
0.885248	-0.29026025	-0.363478
0.81058125	-0.582754	-0.05265505
0.5519295	-0.55657125	-0.62097
0.118776125	-0.99135275	-0.04942365
0.3290215	-0.76483125	-0.553893
0.3803635	-0.85986275	-0.34056975
0.04598325	-0.9914545	-0.11901285
0.36639775	-0.92796925	-0.065118975
0.28629625	-0.7173995	-0.63513725
0.0457141	-0.954267	-0.29422
0.431909	-0.9000945	-0.0516885
0.51480825	-0.8017675	-0.30359325
0.327013	-0.666745	-0.6697295
0.202620525	-0.66556	-0.718331