48 47 287
288 64 63
289 24 23
8 7 290
291 44 43
297 47 46
263 297 46
65 64 298
298 64 288
287 47 297
262 287 297
298 288 260
283 304 320
321 317 247
328 324 272
334 307 265
335 324 282
336 302 253
339 331 250
253 302 341
252 328 342
249 310 343
278 330 344
346 306 250
250 331 346
347 313 283
348 336 253
354 342 276
275 347 355
248 323 356
295 338 357
358 331 275
360 325 251
360 338 295
266 319 361
271 339 361
362 356 265
265 358 362
285 336 363
364 318 251
364 349 277
277 318 364
366 310 249
366 357 284
270 311 367
275 331 368
255 325 373
374 352 254
379 338 267
381 339 250
381 363 266
250 306 384
285 363 384
247 317 385
282 372 385
386 258 255
255 373 386
256 259 387
387 344 256
273 318 389
389 318 277
254 257 392
392 374 254
394 380 295
295 357 394
395 355 247
395 372 286
278 344 397
275 355 398
398 358 275
277 349 399
400 383 296
296 352 400
280 374 401
248 356 402
251 325 403
255 349 403
403 325 255
405 328 272
406 354 276
272 324 407
408 370 282
282 324 408
252 352 411
296 370 411
411 352 296
260 288 412
251 318 414
267 338 414
252 342 415
254 352 415
415 352 252
274 383 417
418 287 262
421 347 283
289 292 427
427 292 261
291 294 428
428 294 262
311 270 299
376 269 308
336 285 333
302 336 333
314 285 384
314 384 306
346 265 307
306 346 307
330 278 367
330 367 311
347 275 368
347 368 313
321 247 421
335 282 385
335 385 317
327 267 414
327 414 318
322 271 361
322 361 319
334 265 356
334 356 323
328 252 408
328 408 324
335 407 324
360 295 375
360 375 325
325 375 373
405 276 342
328 405 342
341 256 344
341 344 330
339 271 368
339 368 331
358 265 346
331 358 346
348 266 363
348 363 336
360 251 414
360 414 338
379 284 357
338 379 357
417 280 350
402 286 372
381 266 361
339 381 361
354 254 415
354 415 342
387 397 344
405 272 351
421 247 355
347 421 355
364 251 403
364 403 349
374 280 400
374 400 352
395 286 398
395 398 355
362 286 402
362 402 356
366 249 394
366 394 357
398 286 362
358 398 362
381 250 384
381 384 363
408 252 411
408 411 370
395 247 385
372 395 385
373 404 386
392 401 374
394 249 393
380 394 393
400 280 417
400 417 383
294 257 426
426 262 294
262 426 418
420 258 293
293 260 420
412 420 260
292 259 416
426 257 254
254 354 426
354 406 426
255 258 420
420 349 255
420 399 349
297 263 262
428 262 263
416 259 256
62 382 63
63 382 288
48 378 49
287 378 48
423 22 21
413 42 41
10 9 409
396 269 376
391 326 273
60 59 391
391 273 389
397 390 278
277 377 389
399 377 277
405 369 276
369 405 351
359 39 38
274 359 371
276 369 406
378 406 369
41 40 350
41 350 413
401 350 280
350 401 413
340 11 10
409 340 10
295 380 375
380 419 375
294 291 422
257 294 422
422 392 257
424 290 293
424 293 258
258 386 424
292 289 410
259 292 410
410 387 259
248 296 383
383 323 248
383 274 371
323 383 371
283 320 421
321 421 320
370 296 248
402 370 248
282 370 372
370 402 372
298 260 429
432 431 264
308 305 433
264 431 433
434 343 310
436 430 312
437 433 305
305 343 437
264 433 437
438 348 253
439 58 57
443 12 11
444 397 423
423 21 444
390 397 444
445 302 333
311 299 446
59 58 447
326 391 447
447 391 59
448 436 312
376 270 449
391 389 450
450 60 391
450 389 377
451 432 264
319 432 451
453 270 367
40 39 454
454 39 359
455 320 304
456 440 312
457 446 299
299 431 457
460 14 13
461 31 30
463 271 322
463 301 332
322 301 463
323 371 465
465 334 323
466 273 326
326 300 466
304 283 468
51 50 471
369 351 471
416 256 472
305 308 473
367 278 475
475 278 390
341 302 477
477 256 341
478 285 314
478 440 333
333 285 478
253 341 479
479 341 330
480 291 43
422 291 480
482 317 321
484 289 23
410 289 484
8 290 485
424 409 485
485 290 424
313 368 486
486 332 313
486 368 271
487 18 17
488 435 303
32 31 489
345 430 489
489 430 32
490 366 284
310 366 490
284 379 491
493 50 49
493 378 369
49 378 493
377 399 495
495 399 382
496 1 45
496 263 46
46 1 496
45 263 496
497 272 407
498 319 266
266 348 498
299 270 499
376 308 499
499 270 376
312 440 500
500 448 312
501 20 19
390 20 501
502 445 333
333 440 502
305 473 337
319 498 432
447 58 439
326 447 439
472 256 477
477 302 445
486 271 463
332 486 463
404 492 340
434 264 437
434 437 343
489 31 461
345 489 461
438 498 348
466 300 442
353 466 442
471 50 493
471 493 369
371 476 465
449 270 453
444 21 20
390 444 20
9 8 485
9 485 409
432 457 431
453 367 475
456 279 502
456 502 440
478 314 500
478 500 440
502 279 483
445 502 483
246 459 468
468 459 304
365 284 491
62 61 495
495 382 62
495 61 377
490 301 310
490 284 365
452 490 365
301 490 452
388 268 455
43 42 480
413 422 480
480 42 413
378 287 418
378 418 406
406 418 426
442 300 481
484 23 22
22 423 484
55 54 441
441 309 488
54 53 458
458 329 315
315 309 458
54 458 441
441 458 309
412 288 382
399 412 382
420 412 399
482 321 320
315 497 464
464 497 425
459 246 365
491 459 365
246 332 452
452 365 246
452 332 301
300 326 439
481 300 439
309 315 464
488 309 464
307 316 467
467 306 307
494 467 316
401 392 413
413 392 422
314 306 467
500 314 467
448 500 467
397 387 423
387 410 484
387 484 423
350 40 454
454 417 350
454 359 274
417 454 274
476 371 359
322 319 451
404 373 492
375 492 373
419 492 375
479 438 253
479 330 311
479 311 446
438 479 446
424 386 404
424 404 409
404 340 409
264 434 451
301 322 434
434 310 301
451 434 322
45 44 428
44 291 428
45 428 263
429 7 6
429 290 7
25 24 427
24 289 427
312 430 456
456 430 345
345 279 456
465 470 334
61 60 450
61 450 377
351 272 503
503 272 497
503 329 351
504 455 268
504 482 320
320 455 504
268 482 504
488 464 505
505 435 488
507 469 388
388 455 507
441 488 509
509 55 441
52 51 512
351 329 512
512 329 52
513 261 292
292 416 513
416 472 514
514 281 416
508 316 470
315 329 503
315 503 497
56 55 509
303 509 488
516 29 28
517 516 281
29 516 517
494 448 467
28 27 516
37 36 515
510 515 36
35 34 506
472 445 483
472 477 445
390 501 475
453 475 501
335 317 425
425 317 482
335 425 407
497 407 425
261 516 27
498 457 432
457 438 446
438 457 498
461 279 345
443 11 340
492 443 340
419 443 492
476 515 465
465 515 470
510 36 35
506 510 35
508 510 506
38 37 476
515 476 37
359 38 476
332 246 468
283 313 468
332 468 313
396 462 269
512 51 471
351 512 471
53 52 329
53 329 458
473 308 269
462 473 269
57 56 520
307 334 521
470 316 521
521 334 470
521 316 307
293 290 522
429 260 522
522 290 429
522 260 293
308 433 523
523 433 431
523 499 308
6 2 524
524 2 65
525 268 388
435 268 525
523 431 299
499 523 299
524 429 6
524 65 298
298 429 524
520 439 57
481 439 520
513 416 281
516 513 281
513 516 261
515 508 470
508 515 510
501 19 18
267 327 511
353 511 327
448 494 436
506 436 494
494 508 506
508 494 316
435 505 268
482 268 505
505 425 482
464 425 505
518 16 15
518 462 396
337 473 519
519 473 462
520 56 509
481 509 303
520 509 481
30 29 517
461 30 517
507 304 459
304 507 455
396 16 518
526 16 396
17 16 526
459 491 527
527 507 459
528 14 460
460 519 528
379 267 529
529 267 511
529 491 379
530 318 273
530 353 327
327 318 530
530 273 466
353 530 466
15 14 528
15 528 518
462 518 528
462 528 519
487 17 526
527 491 529
527 529 511
469 507 527
469 527 511
469 353 442
353 469 511
388 469 442
519 460 474
303 435 525
442 481 525
525 388 442
303 525 481
449 453 487
453 501 487
487 501 18
279 514 483
514 279 461
517 281 514
472 483 514
517 514 461
531 460 13
474 460 531
443 419 533
337 393 534
534 305 337
534 393 249
534 249 343
305 534 343
531 13 12
12 443 531
474 531 533
533 531 443
419 380 532
533 419 532
380 393 532
474 533 532
532 393 337
337 519 532
532 519 474
396 376 526
449 526 376
487 526 449
535 0 25
26 0 535
535 25 427
33 32 536
536 32 430
536 430 436
535 27 26
261 27 535
427 261 535
537 506 34
537 536 436
436 506 537
537 34 33
536 537 33
578 550 553
88 87 580
581 104 103
582 579 68
63 64 583
584 84 83
550 578 585
585 563 550
585 578 549
588 47 48
593 46 47
555 46 593
582 68 67
105 104 592
591 87 86
554 591 86
578 553 588
592 104 581
580 87 591
552 580 591
592 581 551
582 67 66
582 555 553
582 66 555
47 588 593
593 588 553
553 555 593
579 550 563
574 599 614
615 610 539
558 594 616
624 619 564
53 54 630
632 601 557
633 619 573
636 597 540
540 602 636
637 627 542
543 624 639
640 600 542
542 627 640
641 605 574
645 613 549
650 639 569
568 641 651
589 634 652
541 618 653
655 627 568
657 620 544
657 634 589
658 653 557
557 655 658
659 594 558
558 616 660
562 637 660
661 612 544
661 642 570
570 612 661
663 602 540
663 652 575
568 627 665
576 647 669
545 620 670
671 646 546
674 634 559
539 610 681
573 668 681
682 547 545
545 670 682
565 612 684
684 612 570
686 637 542
686 669 558
546 548 687
687 671 546
688 579 563
542 600 690
576 669 690
692 651 539
692 668 577
693 676 589
589 652 693
568 651 695
695 655 568
570 642 697
698 678 590
590 646 698
572 671 699
541 653 701
544 620 702
545 642 702
702 620 545
705 624 564
706 650 569
564 619 707
708 666 573
573 619 708
543 646 710
590 666 710
710 646 590
551 581 711
544 612 713
559 634 713
543 639 714
546 646 714
714 646 543
553 550 715
579 582 715
715 550 579
715 582 553
567 678 716
717 580 552
722 641 574
69 68 723
723 68 579
727 1 46
727 555 66
66 1 727
46 555 727
584 587 728
728 587 552
688 723 579
606 576 690
606 690 600
640 557 601
600 640 601
649 576 606
641 568 665
641 665 605
647 576 649
647 649 608
635 696 608
615 539 722
633 573 681
633 681 610
626 696 611
623 559 713
623 713 612
622 562 660
622 660 616
632 557 653
632 653 618
624 543 708
624 708 619
633 707 619
657 589 672
657 672 620
620 672 670
705 569 639
624 705 639
637 562 665
637 665 627
655 557 640
627 655 640
688 563 656
657 544 713
657 713 634
674 575 652
634 674 652
716 572 643
701 577 668
686 558 660
637 686 660
650 546 714
650 714 639
705 564 644
722 539 651
641 722 651
661 544 702
661 702 642
671 572 698
671 698 646
659 558 669
659 669 647
692 577 695
692 695 651
663 540 693
663 693 652
658 577 701
658 701 653
695 577 658
655 695 658
708 543 710
708 710 666
692 539 681
668 692 681
686 542 690
686 690 669
670 703 682
687 699 671
693 540 689
676 693 689
698 572 716
698 716 678
587 548 726
726 552 587
552 726 717
720 547 586
586 551 720
711 720 551
726 548 546
546 650 726
650 706 726
545 547 720
720 642 545
720 697 642
591 554 552
728 552 554
102 677 103
103 677 581
88 675 89
580 675 88
712 82 81
61 62 709
691 55 56
679 561 691
685 621 565
100 99 685
685 565 684
570 673 684
697 673 570
705 664 569
664 705 644
654 79 78
567 654 667
569 664 706
675 706 664
81 80 643
81 643 712
699 643 572
643 699 712
638 60 61
709 638 61
718 676 566
589 676 672
676 718 672
587 584 721
548 587 721
721 687 548
724 583 586
724 586 547
547 682 724
585 549 719
541 590 678
678 618 541
678 567 667
618 678 667
700 645 549
574 614 722
615 722 614
666 590 541
701 666 541
573 666 668
666 701 668
592 551 729
730 616 594
556 730 731
556 731 733
734 636 602
597 636 738
556 733 738
739 98 97
742 59 60
680 59 742
743 737 571
617 737 746
99 98 747
621 685 747
747 685 99
685 684 751
751 100 685
751 684 673
753 730 556
616 730 753
80 79 754
754 79 654
755 614 599
757 57 58
608 649 760
762 735 604
763 635 656
719 635 763
628 561 764
765 562 622
765 596 629
622 596 765
618 667 767
767 632 618
599 574 769
770 565 621
621 595 770
773 743 649
649 606 773
604 743 773
774 566 704
91 90 775
664 644 775
780 730 594
631 688 781
781 688 656
783 584 83
721 584 783
785 610 615
63 583 786
724 709 786
786 583 724
605 665 787
787 629 605
787 665 562
788 663 575
602 663 788
789 736 598
575 674 790
792 90 89
792 675 664
89 675 792
793 737 617
673 697 794
794 697 677
795 3 85
795 554 86
86 3 795
85 554 795
608 696 797
797 647 608
798 564 707
762 604 773
762 773 606
747 98 739
621 747 739
787 562 765
629 787 765
734 556 738
734 738 636
703 791 638
645 756 745
770 595 741
648 770 741
743 571 760
743 760 649
775 90 792
775 792 664
667 778 767
62 63 786
62 786 709
50 51 756
700 756 645
746 604 735
730 780 731
731 777 733
761 796 732
771 597 738
733 771 738
735 762 761
743 604 746
743 746 737
780 594 801
538 758 769
769 758 599
782 549 613
613 611 782
719 549 782
571 656 760
760 656 635
635 608 760
662 575 790
700 49 50
700 50 756
102 101 794
794 677 102
794 101 673
683 560 755
788 596 602
788 575 662
750 788 662
596 788 750
782 611 696
635 782 696
782 635 719
83 82 783
712 721 783
783 82 712
675 580 717
675 717 706
706 717 726
563 585 763
763 656 563
763 585 719
800 52 53
53 630 800
694 800 752
752 800 630
741 595 784
71 70 768
768 617 71
793 768 631
617 768 793
95 94 740
740 603 789
94 93 759
759 625 607
607 603 759
94 759 740
740 759 603
711 581 677
697 711 677
720 711 697
594 659 801
785 615 614
607 798 766
766 798 725
613 645 745
51 52 756
800 756 52
745 756 694
694 756 800
758 538 662
790 758 662
49 700 744
49 744 48
578 588 744
48 744 588
538 629 750
750 662 538
750 629 596
779 762 606
606 600 779
595 621 739
784 595 739
603 607 766
789 603 766
601 609 779
779 600 601
796 779 609
799 752 628
699 687 712
712 687 721
643 80 754
754 716 643
754 654 567
716 754 567
778 667 654
622 616 753
626 748 801
780 801 748
703 670 791
672 791 670
718 791 672
724 682 703
724 703 709
703 638 709
676 689 566
566 689 704
85 84 728
84 584 728
85 728 554
556 734 753
596 622 734
734 602 596
753 734 622
781 656 571
571 737 781
793 631 781
737 793 781
729 64 65
729 583 64
767 776 632
101 100 751
101 751 673
802 617 746
644 564 803
803 564 798
803 625 644
804 755 560
804 785 614
614 755 804
560 785 804
789 766 806
806 736 789
807 772 683
683 755 807
740 789 809
809 95 740
813 561 628
813 752 630
628 752 813
92 91 814
644 625 814
814 625 92
549 578 817
744 700 817
817 578 744
817 700 549
818 748 626
802 72 71
617 802 71
796 609 808
796 808 732
808 609 776
607 625 803
607 803 798
96 95 809
598 809 789
762 796 761
796 762 779
77 76 816
810 816 76
802 73 72
802 746 735
805 802 735
73 802 805
805 74 73
74 805 815
761 732 805
815 805 732
805 735 761
75 74 815
808 815 732
54 813 630
749 679 691
691 56 749
694 799 745
752 799 694
799 748 818
633 610 725
725 610 785
633 725 707
798 707 725
742 60 638
791 742 638
742 718 680
718 742 791
810 76 75
815 810 75
808 810 815
78 77 778
816 778 77
654 78 778
749 811 679
626 797 696
797 626 801
659 647 797
801 659 797
631 70 69
723 631 69
70 631 768
688 631 723
818 626 611
818 611 613
613 745 818
818 745 799
764 777 628
780 777 731
780 748 777
629 538 769
574 605 769
629 769 605
814 91 775
644 814 775
93 92 625
93 625 759
819 561 813
813 54 819
691 561 819
97 96 820
586 583 821
729 551 821
821 583 729
821 551 586
601 632 822
776 609 822
822 632 776
822 609 601
597 771 823
824 628 777
824 748 799
799 628 824
777 748 824
65 2 825
825 2 105
826 560 683
736 560 826
825 729 65
825 105 592
592 729 825
820 739 97
784 739 820
816 808 776
808 816 810
559 623 812
648 812 623
736 806 560
785 560 806
806 725 785
766 725 806
764 561 679
771 764 679
771 733 764
777 764 733
56 57 757
749 56 757
749 757 811
820 96 809
784 809 598
820 809 784
55 819 54
691 819 55
807 599 758
599 807 755
540 597 823
540 823 689
689 823 704
704 823 811
758 790 827
827 807 758
828 771 679
828 811 823
823 771 828
679 811 828
674 559 829
829 559 812
829 790 674
830 612 565
830 648 623
623 612 830
767 778 831
816 776 831
831 778 816
831 776 767
830 565 770
648 830 770
827 790 829
827 829 812
772 807 827
772 827 812
772 648 741
648 772 812
683 772 741
704 811 774
811 757 774
598 736 826
741 784 826
826 683 741
598 826 784
680 718 566
774 680 566
774 757 832
832 680 774
832 757 58
832 58 59
680 832 59
873 87 88
128 127 874
875 144 143
103 104 876
877 124 123
145 144 885
884 127 126
848 884 126
885 144 875
874 127 884
846 874 884
885 875 845
87 873 882
882 86 87
872 109 108
881 107 106
872 847 865
89 90 869
867 892 908
909 905 834
917 912 856
921 872 865
923 895 850
924 912 866
928 920 837
839 917 930
835 898 931
932 894 837
837 920 932
933 901 867
934 925 838
938 916 863
938 921 865
941 930 860
859 933 942
836 911 943
880 927 944
945 920 859
947 913 840
947 927 880
851 907 948
855 928 948
949 943 850
850 945 949
870 925 950
952 906 840
952 935 861
861 906 952
854 899 954
955 898 835
955 944 868
859 920 956
841 913 961
962 939 842
967 927 852
969 928 837
969 950 851
834 905 972
866 960 972
973 843 841
841 961 973
857 906 975
975 906 861
837 894 976
870 950 976
842 844 979
979 962 842
981 968 880
880 944 981
982 942 834
982 960 871
859 942 984
984 945 859
861 935 986
987 971 883
883 939 987
864 962 988
836 943 989
840 913 990
841 935 990
990 913 841
992 917 856
993 941 860
856 912 994
995 958 866
866 912 995
839 939 997
883 958 997
997 939 883
845 875 998
840 906 1000
852 927 1000
839 930 1001
842 939 1001
1001 939 839
872 108 1002
1002 847 872
858 971 1003
1004 874 846
1007 933 867
1013 3 86
106 3 1013
877 879 1014
1014 879 846
1002 108 107
881 1002 107
899 854 887
903 870 976
932 850 895
894 932 895
933 859 956
933 956 901
909 834 1007
924 866 972
924 972 905
915 852 1000
915 1000 906
910 855 948
910 948 907
923 850 943
923 943 911
917 839 995
917 995 912
924 994 912
947 880 963
947 963 913
913 963 961
992 860 930
917 992 930
928 855 956
928 956 920
945 850 932
920 945 932
934 851 950
934 950 925
947 840 1000
947 1000 927
967 868 944
927 967 944
1003 864 936
989 871 960
969 851 948
928 969 948
941 842 1001
941 1001 930
992 856 937
1007 834 942
933 1007 942
952 840 990
952 990 935
962 864 987
962 987 939
982 871 984
982 984 942
949 871 989
949 989 943
955 835 981
955 981 944
984 871 949
945 984 949
969 837 976
969 976 950
995 839 997
995 997 958
982 834 972
960 982 972
961 991 973
979 988 962
981 835 980
968 981 980
987 864 1003
987 1003 971
879 844 1012
1012 846 879
846 1012 1004
1006 843 878
878 845 1006
998 1006 845
1012 844 842
842 941 1012
941 993 1012
841 843 1006
1006 935 841
1006 986 935
109 921 110
872 921 109
938 865 1016
938 1016 916
884 848 846
1014 846 848
142 970 143
143 970 875
128 966 129
874 966 128
999 122 121
101 102 996
977 914 857
978 91 92
954 862 978
140 139 977
977 857 975
861 965 975
986 965 861
992 957 860
957 992 937
946 119 118
858 946 959
860 957 993
966 993 957
121 120 936
121 936 999
988 936 864
936 988 999
929 100 101
996 929 101
880 968 963
968 1005 963
1013 881 106
882 881 1013
1013 86 882
879 877 1008
844 879 1008
1008 979 844
1010 876 878
1010 878 843
843 973 1010
886 869 985
836 883 971
971 911 836
971 858 959
911 971 959
867 908 1007
909 1007 908
958 883 836
989 958 836
866 958 960
958 989 960
885 845 1015
1009 886 985
1019 1018 849
896 893 1020
849 1018 1020
1021 931 898
1024 1017 900
1025 1020 893
893 931 1025
849 1020 1025
1026 138 137
1027 934 838
900 1017 1028
891 916 1030
1032 99 100
899 887 1033
139 138 1034
914 977 1034
1034 977 139
977 975 1035
1035 140 977
1035 975 965
1036 1019 849
907 1019 1036
120 119 1038
1038 119 946
1039 908 892
1040 1024 900
900 903 1040
1041 1033 887
887 1018 1041
1044 97 98
886 1023 1047
1047 1023 873
1048 855 910
1048 889 922
910 889 1048
911 959 1050
1050 923 911
1051 865 847
1016 865 1051
847 1023 1051
1052 857 914
914 888 1052
892 867 1054
131 130 1057
957 937 1057
1058 903 900
893 896 1060
882 873 1061
1061 881 882
978 862 1064
1065 877 123
1008 877 1065
1067 905 909
103 876 1068
1010 996 1068
1068 876 1010
901 956 1069
1069 922 901
1069 956 855
838 925 1070
1070 925 891
1071 93 94
1072 1022 890
1073 955 868
898 955 1073
868 967 1074
1076 130 129
1076 966 957
129 966 1076
965 986 1077
1077 986 970
92 93 1078
1081 870 903
903 1058 1081
1082 4 125
1082 848 126
126 4 1082
125 848 1082
112 111 1083
1083 1017 112
1084 856 994
1085 907 851
851 934 1085
887 854 1086
1086 854 964
1023 847 1061
1023 1061 873
1061 847 1002
881 1061 1002
1064 862 985
869 1064 985
893 1060 926
907 1085 1019
1034 138 1026
914 1034 1026
1069 855 1048
922 1069 1048
991 1075 929
1021 849 1025
1021 1025 931
1027 1085 934
1052 888 1031
940 1052 1031
1063 838 1070
1070 891 1030
951 1070 1030
1057 130 1076
1057 1076 957
959 1062 1050
1078 93 1071
102 103 1068
102 1068 996
1019 1041 1018
1040 1046 1024
833 1043 1054
1054 1043 892
886 1009 1059
953 868 1074
142 141 1077
1077 970 142
1077 141 965
1073 889 898
1073 868 953
1037 1073 953
889 1073 1037
974 853 1039
123 122 1065
999 1008 1065
1065 122 999
966 874 1004
966 1004 993
993 1004 1012
1031 888 1066
135 134 1029
1029 897 1072
134 133 1042
1042 919 902
902 897 1042
134 1042 1029
1029 1042 897
998 875 970
986 998 970
1006 998 986
1067 909 908
902 1084 1049
1049 1084 1011
1043 833 953
1074 1043 953
1079 925 870
891 925 1079
1058 1028 863
900 1028 1058
833 922 1037
1037 953 833
1037 922 889
888 914 1026
1066 888 1026
1047 873 88
88 89 1047
89 869 1047
886 1047 869
90 91 1064
1064 869 90
1064 91 978
897 902 1049
1072 897 1049
1078 954 978
978 92 1078
895 904 1053
1053 894 895
1080 1053 904
862 918 1009
862 1009 985
918 951 1009
988 979 999
999 979 1008
936 120 1038
1038 1003 936
1038 946 858
1003 1038 858
1062 959 946
910 907 1036
1063 1027 838
1063 918 899
1063 899 1033
1027 1063 1033
991 961 1075
963 1075 961
1005 1075 963
1079 863 916
916 891 1079
1010 973 991
1010 991 996
991 929 996
1059 916 1016
1030 916 1059
1059 951 1030
951 1059 1009
849 1021 1036
889 910 1021
1021 898 889
1036 1021 910
125 124 1014
124 877 1014
125 1014 848
1015 104 105
1015 876 104
1050 1056 923
141 140 1035
141 1035 965
937 856 1087
1087 856 1084
1087 919 937
1088 1039 853
1088 1067 908
908 1039 1088
853 1067 1088
1072 1049 1089
1089 1022 1072
1091 1055 974
974 1039 1091
1029 1072 1093
1093 135 1029
1023 886 1094
1094 886 1059
1094 1051 1023
110 921 1097
132 131 1098
937 919 1098
1098 919 132
1099 976 894
903 976 1099
951 918 1101
1063 1070 1101
1101 918 1063
1101 1070 951
1102 938 863
863 1028 1102
1080 904 1092
111 110 1097
1092 904 1056
902 919 1087
902 1087 1084
1016 1051 1094
1016 1094 1059
136 135 1093
890 1093 1072
1040 1080 1046
1080 1040 1053
117 116 1100
1095 1100 116
863 1081 1058
1081 863 1079
870 1081 1079
115 114 1090
1028 1017 1083
1083 1102 1028
1090 1024 1046
111 1097 1083
924 905 1011
1011 905 1067
924 1011 994
1084 994 1011
1085 1041 1019
1041 1027 1033
1027 1041 1085
1032 100 929
1075 1032 929
1005 1032 1075
1099 1040 903
1099 894 1053
1053 1040 1099
1062 1100 1050
1050 1100 1056
1095 116 115
1090 1095 115
1092 1095 1090
118 117 1062
1100 1062 117
946 118 1062
922 833 1054
867 901 1054
922 1054 901
1098 131 1057
937 1098 1057
133 132 919
133 919 1042
137 136 1105
878 876 1106
1015 845 1106
1106 876 1015
1106 845 878
895 923 1107
1056 904 1107
1107 923 1056
1107 904 895
918 862 1108
954 899 1108
1108 862 954
1108 899 918
896 1020 1109
1109 1020 1018
1109 1086 896
105 2 1110
1110 2 145
1111 853 974
1022 853 1111
1103 96 97
1103 1104 1045
1109 1018 887
1086 1109 887
1110 1015 105
1110 145 885
885 1015 1110
1105 1026 137
1066 1026 1105
1080 1092 1046
1046 1092 1090
1100 1092 1056
1092 1100 1095
1044 1103 97
1103 1044 1104
852 915 1096
940 1096 915
1022 1089 853
1067 853 1089
1089 1011 1067
1049 1011 1089
926 1060 1104
1104 1060 1045
1105 136 1093
1066 1093 890
1105 1093 1066
921 938 1097
1097 938 1102
1083 1097 1102
1091 892 1043
892 1091 1039
1043 1074 1112
1112 1091 1043
967 852 1113
1113 852 1096
1113 1074 967
1114 906 857
1114 940 915
915 906 1114
1114 857 1052
940 1114 1052
1112 1074 1113
1112 1113 1096
1055 1091 1112
1055 1112 1096
1055 940 1031
940 1055 1096
974 1055 1031
1060 896 983
983 896 1086
983 1086 964
1045 1060 983
890 1022 1111
1031 1066 1111
1111 974 1031
890 1111 1066
94 95 1115
1071 94 1115
983 964 1115
1115 964 1071
1116 1044 98
1032 1005 1118
1119 983 1115
1104 1044 1120
926 980 1121
1121 893 926
1121 980 835
1122 854 954
954 1078 1122
1121 835 931
893 1121 931
1045 983 1119
1045 1119 1103
1120 1044 1116
95 96 1119
1119 1115 95
1119 96 1103
1116 98 99
99 1032 1116
1118 1116 1032
1005 968 1117
1118 1005 1117
968 980 1117
113 1017 1024
1017 113 112
1117 980 926
926 1104 1117
1120 1117 1104
1120 1116 1118
1120 1118 1117
964 854 1122
1122 1078 1071
964 1122 1071
1024 1090 114
114 113 1024
23 24 1160
143 144 1161
1162 164 163
1167 1137 1134
1134 1152 1171
1169 24 25
1135 1169 25
1170 144 145
1152 1168 1171
1160 24 1169
1170 1161 144
1132 1160 1169
1136 1170 145
148 147 1167
1167 1134 1171
1179 1174 1147
1208 1206 1127
154 153 1209
1144 1198 1209
1210 1185 1148
1211 1208 1127
1214 1210 1148
1138 1179 1215
1218 1198 1144
1149 1202 1220
1220 1202 1129
1221 1131 1130
1221 1191 1158
1130 1191 1221
1156 1208 1222
1158 1191 1223
1223 1191 1147
1231 1193 1146
1231 1201 1139
1126 1182 1235
1151 1211 1237
1240 13 14
14 1230 1240
1159 1224 1243
1153 1206 1245
1245 1230 1153
1246 1218 1144
1142 1218 1247
1167 1171 1250
1250 148 1167
1148 1185 1251
12 13 1253
1254 1173 1144
1255 1211 1127
1257 1214 1148
1261 1160 1132
1266 1195 1128
1266 1215 1130
1149 1220 1267
1269 1163 1161
1161 1170 1269
1133 1163 1269
1272 1224 1159
1253 13 1240
1156 1253 1240
1238 151 150
1228 1241 1166
1191 1130 1215
1192 1229 1180
1204 1142 1203
1180 1204 1203
1206 1153 1190
1200 1124 1183
1190 1153 1249
1190 1249 1187
1246 1144 1173
1189 1246 1173
1192 1242 1205
1218 1142 1204
1198 1218 1204
1207 1124 1201
1248 1124 1200
1208 1156 1245
1208 1245 1206
1253 1156 1222
1211 1151 1222
1211 1222 1208
1211 1255 1237
1246 1247 1218
1236 1267 1220
1245 1156 1240
1230 1245 1240
1272 1159 1270
1256 1272 1270
1132 1264 1261
1259 1131 1163
1128 1195 1237
1237 1195 1151
1270 131 132
1129 1214 1264
1214 1257 1264
1169 1135 1132
1271 1132 1135
1136 1133 1269
1136 1269 1170
23 1234 22
1160 1234 23
1262 1223 1147
139 140 1262
1265 162 161
153 152 1254
1254 1209 153
1144 1209 1254
1230 14 15
1153 1230 1249
1251 1233 1148
1148 1233 1257
1234 1257 1233
161 160 1227
1232 9 10
1151 1217 1222
1125 1164 1194
1226 1125 1194
1263 1155 1243
1224 1263 1243
1130 1131 1259
1252 1221 1158
1252 1161 1163
1252 1163 1131
1131 1221 1252
1247 1189 1216
1246 1189 1247
1154 1181 1225
1225 1139 1154
1248 1201 1124
1139 1201 1248
1248 1154 1139
150 149 1165
1274 1273 1140
1140 1273 1275
1176 1274 1276
1278 139 1262
1279 1276 1197
1279 1277 1178
1280 1147 1174
1280 1278 1262
1262 1147 1280
1282 1281 1186
1197 1282 1286
1289 1284 1141
1172 1273 1290
1291 1277 1141
1176 1276 1292
1293 1274 1140
1140 1281 1293
160 159 1295
1295 1227 160
1140 1275 1296
1141 1277 1299
1197 1286 1299
1217 1151 1300
1301 1166 1196
1228 1166 1301
1233 1251 1302
1308 1242 1192
1238 1173 1310
1310 1173 1254
1310 151 1238
143 1161 1312
1312 1161 1252
1314 1222 1217
1253 1222 1314
1207 1201 1316
1316 1150 1207
15 16 1317
1183 1124 1321
1321 1124 1207
1194 1284 1324
1324 1226 1194
1328 1321 1207
1329 1165 1250
1330 1284 1194
1333 1139 1225
1333 1283 1193
1334 1164 1125
17 18 1335
1341 161 1227
1341 1267 1265
1265 161 1341
1227 1267 1341
1342 1273 1172
1172 1278 1342
1345 1192 1205
1348 1162 163
1268 1162 1348
1350 154 1209
1351 1316 1201
1199 1316 1351
1353 1282 1186
1357 1123 1212
1358 16 17
1179 1147 1359
1191 1215 1359
1359 1147 1191
1359 1215 1179
1360 1123 1242
1186 1281 1361
1183 1321 1361
25 0 1362
165 1135 1362
1362 0 165
1362 1135 25
1363 2 6
1363 1136 145
145 2 1363
6 1136 1363
1152 1134 1365
1365 1134 1157
1365 1263 1152
1248 1200 1367
1196 1219 1368
1141 1284 1368
1179 1138 1369
1370 1229 1143
1180 1229 1370
1231 1139 1333
1231 1333 1193
1231 1146 1351
1231 1351 1201
1291 1141 1368
1291 1368 1219
1226 1324 1305
1346 1149 1267
1227 1346 1267
1129 1202 1327
1364 1202 1149
1365 1157 1155
1263 1365 1155
1302 20 21
1233 1302 21
1228 1332 1241
152 151 1310
152 1310 1254
1342 1174 1275
1273 1342 1275
1274 1176 1290
1274 1290 1273
1293 1197 1276
1274 1293 1276
1336 1193 1283
1279 1178 1292
1279 1292 1276
1279 1197 1299
1279 1299 1277
1280 1174 1342
1280 1342 1278
1282 1197 1293
1282 1293 1281
1282 1353 1286
1301 1196 1330
1333 1225 1354
1333 1354 1283
1330 1196 1368
1330 1368 1284
1289 1324 1284
1289 1141 1299
1289 1299 1286
1297 1184 1315
1358 17 1335
1326 1216 1332
142 143 1312
1328 1186 1361
1328 1361 1321
1171 1168 1329
1329 1250 1171
1329 1168 1258
1314 11 12
12 1253 1314
1217 11 1314
1301 1194 1164
1164 1228 1301
1194 1301 1330
1247 1216 1322
1322 1142 1247
1326 1322 1216
1180 1203 1308
1308 1192 1180
1306 1308 1203
1143 1229 1325
1234 1160 1261
1234 1261 1257
1257 1261 1264
137 138 1318
1318 1172 1290
1318 1278 1172
1315 1184 1323
135 136 1313
1323 159 158
1176 1313 1290
1348 163 162
162 1265 1348
1312 1252 1158
157 156 1285
1350 1209 1198
1347 1350 1198
1143 1350 1347
1230 15 1317
1317 1249 1230
1125 1226 1344
1203 1142 1322
132 133 1287
132 1287 1270
1287 1256 1270
1267 1236 1265
1348 1265 1236
1268 1348 1236
1251 1185 1239
1190 1187 1294
1294 1181 1190
1143 1347 1370
1347 1198 1204
1298 1364 1145
1199 1311 1337
1311 1338 1337
1366 1200 1183
141 142 1304
1312 1304 142
1304 1312 1158
1300 1213 1232
1174 1179 1369
1369 1275 1174
1369 1296 1275
1328 1207 1150
1150 1305 1328
1353 1186 1328
1305 1353 1328
1320 1175 1177
1188 1320 1177
1320 1126 1235
1127 1206 1343
1343 1181 1154
1168 1152 1260
1272 1256 1219
1309 1165 1329
1238 1309 1173
1309 1329 1258
1340 1358 1335
1336 1146 1193
1336 1175 1212
1212 1146 1336
165 164 1271
164 1162 1271
165 1271 1135
1354 1225 1181
1181 1294 1354
1168 1260 1244
1258 1168 1244
1157 128 129
1351 1146 1311
1351 1311 1199
138 139 1278
138 1278 1318
1357 1212 1175
1320 1357 1175
1126 1320 1188
1126 1188 1339
135 1313 1372
1318 1290 1373
1373 137 1318
1373 1290 1313
1190 1181 1374
1343 1206 1374
1374 1181 1343
1374 1206 1190
1375 1203 1322
1366 1138 1376
1377 157 1285
1377 1315 1323
1285 1315 1377
150 1165 1378
1309 1238 1378
1378 1165 1309
1378 1238 150
1163 1133 1380
1380 1259 1163
1189 1173 1382
1382 1173 1309
1382 1244 1189
1242 1123 1384
1349 1205 1384
1384 1205 1242
1337 1344 1385
1385 1199 1337
1386 1146 1212
1311 1146 1386
1243 1155 1387
129 130 1387
1389 1262 140
1223 1262 1389
1390 1189 1244
1216 1189 1390
1391 1306 1203
1203 1375 1391
1392 1127 1343
1393 1227 1295
1346 1227 1393
1366 1183 1394
1187 1249 1395
10 11 1396
1217 1300 1396
1396 11 1217
1397 1303 1239
1398 1305 1150
1398 1344 1226
1226 1305 1398
1399 1138 1215
1400 156 155
1385 1150 1316
1199 1385 1316
1123 1386 1212
1266 1128 1399
1266 1399 1215
1298 1145 1379
1376 1138 1399
1303 1371 1239
1381 1297 1315
1325 1381 1315
1395 1249 1317
158 157 1377
158 1377 1323
1176 1292 1372
1176 1372 1313
136 137 1373
136 1373 1313
1366 1376 1200
1258 1244 1382
1258 1382 1309
1184 1297 1379
1303 1397 1356
1232 10 1396
1232 1396 1300
1398 1150 1385
1344 1398 1385
1154 1392 1343
1157 129 1387
1157 1387 1155
1319 1397 1355
1335 18 1371
1285 156 1400
1285 1400 1288
1384 1123 1357
1320 1235 1357
1349 1357 1235
1349 1384 1357
1358 1317 16
1395 1317 1358
1340 1395 1358
1401 1364 1298
1338 1331 1337
1331 1344 1337
1375 1322 1326
1334 1375 1326
1188 1355 1339
1319 1356 1397
1389 140 141
141 1304 1389
1158 1223 1389
1158 1389 1304
1340 1356 1395
1185 1210 1388
1185 1388 1355
1339 1355 1388
19 1371 18
1228 1164 1326
1228 1326 1332
1326 1164 1334
1400 1143 1288
1350 1143 1400
1271 1268 1132
1264 1132 1268
1162 1268 1271
1224 1272 1352
1352 1196 1166
1297 1307 1379
1307 1297 1381
1298 1379 1307
1307 1381 1345
1371 1303 1335
1303 1356 1335
1335 1356 1340
1364 1346 1145
1346 1364 1149
1323 1184 1295
1295 159 1323
1289 1286 1324
1353 1324 1286
1353 1305 1324
1205 1307 1345
1307 1205 1349
1298 1307 1401
1331 1338 1360
1306 1331 1360
22 1234 1233
1233 21 22
6 7 1136
1133 1136 7
1369 1138 1296
1296 1138 1366
1366 1394 1296
130 1159 1243
1243 1387 130
149 148 1250
149 1250 1165
1159 130 131
1159 131 1270
1403 1241 1260
1134 1137 1404
1404 1157 1134
1405 1344 1331
1125 1344 1405
1178 1402 1406
1407 1272 1219
1407 1196 1352
1352 1272 1407
1219 1196 1407
1263 1224 1408
1352 1403 1408
1408 1224 1352
1259 1213 1409
1409 1130 1259
1336 1283 1410
1410 1175 1336
1260 1152 1411
1411 1152 1263
1411 1403 1260
1395 1356 1412
1412 1187 1395
1239 1185 1413
1355 1397 1413
1413 1185 1355
1413 1397 1239
1414 1339 1388
1388 1327 1414
1242 1308 1415
1306 1360 1415
1415 1308 1306
1415 1360 1242
1416 1327 1202
1327 1416 1414
1339 1414 1126
1177 1175 1410
126 127 1404
126 1404 1137
1166 1241 1403
1166 1403 1352
1411 1263 1408
1403 1411 1408
1406 134 135
1178 1406 1292
1372 1406 135
1292 1406 1372
128 1404 127
1157 1404 128
154 1350 155
155 1350 1400
1315 1285 1288
1288 1325 1315
1325 1288 1143
1364 1401 1416
1416 1202 1364
1182 1416 1401
1399 1128 1383
1376 1399 1383
1237 1383 1128
1255 1383 1237
1192 1345 1229
1325 1229 1345
1325 1345 1381
1277 1402 1178
1256 1402 1219
1402 1277 1291
1219 1402 1291
1145 1393 1379
1145 1346 1393
1184 1379 1393
1393 1295 1184
1125 1391 1334
1405 1391 1125
1331 1306 1391
1331 1391 1405
1375 1334 1391
1214 1129 1327
1214 1327 1210
1388 1210 1327
1220 1129 1236
1302 19 20
1302 1371 19
1251 1239 1302
1371 1302 1239
1386 1123 1360
1338 1311 1386
1338 1386 1360
1216 1390 1332
1390 1260 1241
1332 1390 1241
1390 1244 1260
1394 1281 1140
1296 1394 1140
1394 1183 1361
1394 1361 1281
1255 1127 1392
1255 1392 1383
1417 1287 133
1417 1406 1402
1349 1235 1418
1401 1307 1418
1418 1307 1349
1236 1129 1419
1264 1268 1419
1419 1129 1264
1419 1268 1236
1418 1235 1182
1401 1418 1182
1256 1287 1417
1256 1417 1402
1414 1182 1126
1182 1414 1416
1154 1248 1367
1154 1367 1392
1392 1367 1383
1376 1367 1200
1383 1367 1376
134 1417 133
1406 1417 134
1137 1167 147
1188 1177 1421
1354 1294 1420
147 146 1137
1420 1283 1354
1410 1283 1420
1412 1294 1187
1294 1412 1420
1319 1412 1356
1422 1412 1319
1420 1412 1422
1423 4 126
1423 1137 146
146 4 1423
126 1137 1423
1177 1410 1421
1410 1420 1421
1420 1422 1421
1421 1355 1188
1319 1355 1421
1319 1421 1422
1380 1232 1213
1259 1380 1213
1151 1195 1424
1213 1300 1424
1424 1300 1151
1266 1130 1409
1266 1409 1195
1204 1180 1370
1204 1370 1347
1195 1409 1213
1195 1213 1424
1425 7 8
1133 7 1425
1425 1232 1380
1380 1133 1425
9 1425 8
1232 1425 9
188 1467 187
1468 203 204
1469 183 184
168 1470 167
1471 43 44
1477 186 187
1443 186 1477
205 1478 204
1478 1468 204
1467 1477 187
1442 1477 1467
1478 1440 1468
1463 1500 1484
1501 1427 1497
1508 1452 1504
1514 1445 1487
1515 1462 1504
1516 1433 1482
1519 1430 1511
1433 1521 1482
1432 1522 1508
1429 1523 1490
1458 1524 1510
1526 1430 1486
1430 1526 1511
1527 1463 1493
1528 1433 1516
1534 1456 1522
1455 1535 1527
1428 1536 1503
1475 1537 1518
1538 1455 1511
1540 1431 1505
1540 1475 1518
1446 1541 1499
1451 1541 1519
1542 1445 1536
1445 1542 1538
1465 1543 1516
1544 1431 1498
1544 1457 1529
1457 1544 1498
1546 1429 1490
1546 1464 1537
1450 1547 1491
1455 1548 1511
1435 1553 1505
1554 1434 1532
1559 1447 1518
1561 1430 1519
1561 1446 1543
1430 1564 1486
1465 1564 1543
1427 1565 1497
1462 1565 1552
1566 1435 1439
1435 1566 1553
1436 1567 1438
1567 1436 1524
1453 1569 1498
1569 1457 1498
1434 1572 1437
1572 1434 1554
1574 1475 1560
1475 1574 1537
1575 1427 1535
1575 1466 1552
1458 1577 1524
1455 1578 1535
1578 1455 1538
1457 1579 1529
1580 1476 1563
1476 1580 1532
1460 1581 1554
1428 1582 1536
1431 1583 1505
1435 1583 1529
1583 1435 1505
1585 1452 1508
1586 1456 1534
1452 1587 1504
1588 1462 1550
1462 1588 1504
1432 1591 1532
1476 1591 1550
1591 1476 1532
1440 1592 1468
1431 1594 1498
1447 1594 1518
1432 1595 1522
1434 1595 1532
1595 1432 1532
1454 1597 1563
1598 1442 1467
1601 1463 1527
1469 1607 1472
1607 1441 1472
1471 1608 1474
1608 1442 1474
1491 1479 1450
1556 1488 1449
1516 1513 1465
1482 1513 1516
1494 1564 1465
1494 1486 1564
1526 1487 1445
1486 1487 1526
1510 1547 1458
1510 1491 1547
1527 1548 1455
1527 1493 1548
1501 1601 1427
1515 1565 1462
1515 1497 1565
1507 1594 1447
1507 1498 1594
1502 1541 1451
1502 1499 1541
1514 1536 1445
1514 1503 1536
1508 1588 1432
1508 1504 1588
1515 1504 1587
1540 1555 1475
1540 1505 1555
1505 1553 1555
1585 1522 1456
1508 1522 1585
1521 1524 1436
1521 1510 1524
1519 1548 1451
1519 1511 1548
1538 1526 1445
1511 1526 1538
1528 1543 1446
1528 1516 1543
1540 1594 1431
1540 1518 1594
1559 1537 1464
1518 1537 1559
1597 1530 1460
1582 1552 1466
1561 1541 1446
1519 1541 1561
1534 1595 1434
1534 1522 1595
1567 1524 1577
1585 1531 1452
1601 1535 1427
1527 1535 1601
1544 1583 1431
1544 1529 1583
1554 1580 1460
1554 1532 1580
1575 1578 1466
1575 1535 1578
1542 1582 1466
1542 1536 1582
1546 1574 1429
1546 1537 1574
1578 1542 1466
1538 1542 1578
1561 1564 1430
1561 1543 1564
1588 1591 1432
1588 1550 1591
1575 1565 1427
1552 1565 1575
1553 1566 1584
1572 1554 1581
1574 1573 1429
1560 1573 1574
1580 1597 1460
1580 1563 1597
1474 1606 1437
1606 1474 1442
1442 1598 1606
1600 1473 1439
1473 1600 1440
1592 1440 1600
1472 1596 1438
1606 1434 1437
1434 1606 1534
1534 1606 1586
1435 1600 1439
1600 1435 1529
1600 1529 1579
1477 1442 1443
1608 1443 1442
1596 1436 1438
202 203 1562
203 1468 1562
188 189 1558
1467 188 1558
1603 181 182
1593 41 42
170 1589 169
1576 1556 1449
1571 1453 1506
200 1571 199
1571 1569 1453
1577 1458 1570
1457 1569 1557
1579 1457 1557
1585 1456 1549
1549 1531 1585
1539 38 39
1454 1551 1539
1456 1586 1549
1558 1549 1586
41 1530 40
41 1593 1530
1581 1460 1530
1530 1593 1581
1520 170 171
1589 170 1520
1475 1555 1560
1560 1555 1599
1474 1602 1471
1437 1602 1474
1602 1437 1572
1604 1473 1470
1604 1439 1473
1439 1604 1566
1472 1590 1469
1438 1590 1472
1590 1438 1567
1428 1563 1476
1563 1428 1503
1563 1551 1454
1503 1551 1563
1463 1601 1500
1501 1500 1601
1550 1428 1476
1582 1428 1550
1462 1552 1550
1550 1552 1582
1478 1609 1440
1612 1444 1611
1488 1613 1485
1444 1613 1611
1614 1490 1523
1616 1492 1610
1617 1485 1613
1485 1617 1523
1444 1617 1613
1618 1433 1528
1619 197 198
1623 171 172
1624 1603 1577
1603 1624 181
1570 1624 1577
1625 1513 1482
1491 1626 1479
199 1627 198
1506 1627 1571
1627 199 1571
1628 1492 1616
1556 1629 1450
1571 1630 1569
1630 1571 200
1630 1557 1569
1631 1444 1612
1499 1631 1612
1633 1547 1450
40 1634 39
1634 1539 39
1635 1484 1500
1636 1492 1620
1637 1479 1626
1479 1637 1611
1640 173 174
1641 30 31
1643 1502 1451
1643 1512 1481
1502 1643 1481
1503 1645 1551
1645 1503 1514
1646 1506 1453
1506 1646 1480
1484 1648 1463
191 1651 190
1549 1651 1531
1596 1652 1436
1485 1653 1488
1547 1655 1458
1655 1570 1458
1521 1657 1482
1657 1521 1436
1658 1494 1465
1658 1513 1620
1513 1658 1465
1433 1659 1521
1659 1510 1521
1660 43 1471
1602 1660 1471
1662 1501 1497
1664 183 1469
1590 1664 1469
168 1665 1470
1604 1665 1589
1665 1604 1470
1493 1666 1548
1666 1493 1512
1666 1451 1548
1667 177 178
1668 1483 1615
32 1669 31
1525 1669 1610
1669 32 1610
1670 1464 1546
1490 1670 1546
1464 1671 1559
1673 189 190
1673 1549 1558
189 1673 1558
1557 1675 1579
1675 1562 1579
1676 45 1
1676 186 1443
186 1676 1
45 1676 1443
1677 1587 1452
1678 1446 1499
1446 1678 1528
1479 1679 1450
1556 1679 1488
1679 1556 1450
1492 1680 1620
1680 1492 1628
1681 179 180
1570 1681 180
1682 1513 1625
1513 1682 1620
1485 1517 1653
1499 1612 1678
1627 1619 198
1506 1619 1627
1652 1657 1436
1657 1625 1482
1666 1643 1451
1512 1643 1666
1584 1520 1672
1614 1617 1444
1614 1523 1617
1669 1641 31
1525 1641 1669
1618 1528 1678
1646 1622 1480
1533 1622 1646
1651 1673 190
1651 1549 1673
1551 1645 1656
1629 1633 1450
1624 180 181
1570 180 1624
169 1665 168
169 1589 1665
1612 1611 1637
1633 1655 1547
1636 1682 1459
1636 1620 1682
1658 1680 1494
1658 1620 1680
1682 1663 1459
1625 1663 1682
1426 1648 1639
1648 1484 1639
1545 1671 1464
202 1675 201
1675 202 1562
1675 1557 201
1670 1490 1481
1670 1545 1464
1632 1545 1670
1481 1632 1670
1568 1635 1448
43 1660 42
1593 1660 1602
1660 1593 42
1558 1598 1467
1558 1586 1598
1586 1606 1598
1622 1661 1480
1664 182 183
182 1664 1603
195 1621 194
1621 1668 1489
194 1638 193
1638 1495 1509
1495 1638 1489
194 1621 1638
1621 1489 1638
1592 1562 1468
1579 1562 1592
1600 1579 1592
1662 1500 1501
1495 1644 1677
1644 1605 1677
1639 1545 1426
1671 1545 1639
1426 1632 1512
1632 1426 1545
1632 1481 1512
1480 1619 1506
1661 1619 1480
1489 1644 1495
1668 1644 1489
1487 1647 1496
1647 1487 1486
1674 1496 1647
1581 1593 1572
1593 1602 1572
1494 1647 1486
1680 1647 1494
1628 1647 1680
1577 1603 1567
1567 1664 1590
1567 1603 1664
1530 1634 40
1634 1530 1597
1634 1454 1539
1597 1454 1634
1656 1539 1551
1502 1631 1499
1584 1672 1553
1555 1553 1672
1599 1555 1672
1659 1433 1618
1659 1491 1510
1659 1626 1491
1618 1626 1659
1604 1584 1566
1604 1589 1584
1584 1589 1520
1444 1631 1614
1481 1614 1502
1614 1481 1490
1631 1502 1614
45 1608 44
44 1608 1471
45 1443 1608
1609 166 167
1609 167 1470
185 1607 184
184 1607 1469
1492 1636 1610
1636 1525 1610
1525 1636 1459
1645 1514 1650
201 1630 200
201 1557 1630
1531 1683 1452
1683 1677 1452
1683 1531 1509
1684 1448 1635
1684 1500 1662
1500 1684 1635
1448 1684 1662
1668 1685 1644
1685 1668 1615
1687 1568 1649
1568 1687 1635
1621 1689 1668
1689 1621 195
192 1692 191
1531 1692 1509
1692 192 1509
1693 1472 1441
1472 1693 1596
1596 1694 1652
1694 1596 1461
1688 1650 1496
1495 1683 1509
1495 1677 1683
196 1689 195
1483 1668 1689
1696 28 29
1697 1461 1696
29 1697 1696
1674 1647 1628
28 1696 27
37 1695 36
1690 36 1695
35 1686 34
1652 1663 1625
1652 1625 1657
1570 1655 1681
1633 1681 1655
1515 1605 1497
1605 1662 1497
1515 1587 1605
1677 1605 1587
1441 27 1696
1678 1612 1637
1637 1626 1618
1618 1678 1637
1641 1525 1459
1623 1520 171
1672 1520 1623
1599 1672 1623
1656 1645 1695
1645 1650 1695
1690 35 36
1686 35 1690
1688 1686 1690
38 1656 37
1695 37 1656
1539 1656 38
1512 1648 1426
1463 1648 1493
1512 1493 1648
1576 1449 1642
1692 1651 191
1531 1651 1692
193 1509 192
193 1638 1509
1653 1449 1488
1642 1449 1653
197 1700 196
1487 1701 1514
1650 1701 1496
1701 1650 1514
1701 1487 1496
1473 1702 1470
1609 1702 1440
1702 1609 1470
1702 1473 1440
1488 1703 1613
1703 1611 1613
1703 1488 1679
166 1704 5
1704 205 5
1705 1568 1448
1615 1705 1448
1703 1479 1611
1679 1479 1703
1704 166 1609
1704 1478 205
1478 1704 1609
1700 197 1619
1661 1700 1619
1693 1461 1596
1696 1461 1693
1693 1441 1696
1695 1650 1688
1688 1690 1695
1681 178 179
1447 1691 1507
1533 1507 1691
1628 1616 1674
1686 1674 1616
1674 1686 1688
1688 1496 1674
1615 1448 1685
1662 1685 1448
1685 1662 1605
1644 1685 1605
1698 175 176
1698 1576 1642
1517 1699 1653
1699 1642 1653
1700 1689 196
1661 1483 1689
1700 1661 1689
30 1697 29
1641 1697 30
1687 1639 1484
1484 1635 1687
1576 1698 176
1706 1576 176
177 1706 176
1639 1707 1671
1707 1639 1687
1708 1640 174
1640 1708 1699
1559 1709 1447
1709 1691 1447
1709 1559 1671
1710 1453 1498
1710 1507 1533
1507 1710 1498
1710 1646 1453
1533 1646 1710
175 1708 174
175 1698 1708
1642 1708 1698
1642 1699 1708
1667 1706 177
1707 1709 1671
1707 1691 1709
1649 1707 1687
1649 1691 1707
1649 1622 1533
1533 1691 1649
1568 1622 1649
1699 1654 1640
1483 1705 1615
1622 1705 1661
1705 1622 1568
1483 1661 1705
1629 1667 1633
1633 1667 1681
1667 178 1681
1459 1663 1694
1694 1641 1459
1697 1694 1461
1652 1694 1663
1697 1641 1694
1711 173 1640
1654 1711 1640
1623 1713 1599
1517 1714 1573
1714 1517 1485
1714 1429 1573
1714 1523 1429
1485 1523 1714
1711 172 173
172 1711 1623
1654 1713 1711
1713 1623 1711
1599 1712 1560
1713 1712 1599
1560 1712 1573
1654 1712 1713
1712 1517 1573
1517 1712 1699
1712 1654 1699
1576 1706 1556
1629 1556 1706
1667 1629 1706
26 1715 0
1715 185 0
1715 1607 185
33 1716 32
1716 1610 32
1716 1616 1610
1715 26 27
1441 1715 27
1607 1715 1441
1717 34 1686
1717 1616 1716
1616 1717 1686
1717 33 34
1716 33 1717
208 1759 207
1760 223 224
203 1761 204
1762 83 84
225 1772 224
1771 206 207
1733 206 1771
1772 1760 224
1759 1771 207
1732 1758 1751
1732 1767 1758
1731 1771 1759
1772 1730 1760
186 1768 187
1753 69 70
1754 1794 1779
1795 1719 1792
1736 1796 1774
1805 1742 1799
193 1811 194
1739 1811 1809
1812 1735 1782
1813 1752 1799
1769 1816 1789
1817 1720 1777
1720 1817 1783
1818 1722 1808
1724 1821 1805
1822 1722 1781
1722 1822 1808
1823 1754 1786
1829 1723 1789
1832 1747 1821
1746 1834 1823
1766 1835 1815
1721 1836 1798
1838 1746 1808
1839 1725 1800
1839 1766 1815
1840 1735 1836
1735 1840 1838
1841 1736 1774
1841 1723 1829
1736 1842 1796
1740 1842 1818
1843 1725 1793
1843 1748 1824
1748 1843 1793
1845 1720 1783
1845 1755 1835
1746 1847 1808
1756 1851 1829
1726 1852 1800
1853 1727 1828
1749 1855 1820
1855 1749 1816
1857 1737 1815
1719 1865 1792
1752 1865 1850
1866 1726 1728
1726 1866 1852
1743 1868 1793
1868 1748 1793
1870 1722 1818
1870 1736 1851
1727 1871 1729
1871 1727 1853
1722 1874 1781
1756 1874 1851
1875 1719 1834
1875 1757 1850
1876 1766 1859
1766 1876 1835
1746 1878 1834
1878 1746 1838
1748 1879 1824
1758 1880 1751
1881 1770 1862
1770 1881 1828
1750 1882 1853
1721 1883 1836
1725 1884 1800
1726 1884 1824
1884 1726 1800
1886 1753 1820
1723 1887 1789
1769 1887 1790
1887 1769 1789
1889 1742 1805
1890 1747 1832
1742 1891 1799
1892 1752 1848
1752 1892 1799
1724 1894 1828
1770 1894 1848
1894 1770 1828
1730 1895 1760
1725 1897 1793
1737 1897 1815
1724 1898 1821
1727 1898 1828
1898 1724 1828
1899 1769 1790
1745 1900 1862
1901 1731 1759
1905 1754 1823
1768 1911 187
1911 1768 1732
1762 1912 1765
1912 1731 1765
1911 188 187
1780 1863 1739
1787 1874 1756
1787 1781 1874
1822 1782 1735
1781 1782 1822
1833 1787 1756
1823 1847 1746
1823 1786 1847
1833 1816 1749
1789 1816 1833
1829 1833 1756
1829 1789 1833
1807 1887 1723
1807 1790 1887
1790 1804 1899
1795 1905 1719
1813 1865 1752
1813 1792 1865
1803 1897 1737
1803 1793 1897
1802 1842 1740
1802 1796 1842
1812 1836 1735
1812 1798 1836
1805 1892 1724
1805 1799 1892
1813 1799 1891
1839 1854 1766
1839 1800 1854
1800 1852 1854
1827 1804 1877
1889 1821 1747
1805 1821 1889
1818 1847 1740
1818 1808 1847
1838 1822 1735
1808 1822 1838
1814 1811 193
1809 1811 1814
1839 1897 1725
1839 1815 1897
1857 1835 1755
1815 1835 1857
1900 1825 1750
1883 1850 1757
1870 1842 1736
1818 1842 1870
1886 1855 1741
1820 1855 1886
1832 1898 1727
1832 1821 1898
1889 1826 1742
1905 1834 1719
1823 1834 1905
1843 1884 1725
1843 1824 1884
1853 1881 1750
1853 1828 1881
1841 1851 1736
1841 1829 1851
1875 1878 1757
1875 1834 1878
1845 1876 1720
1845 1835 1876
1840 1883 1757
1840 1836 1883
1878 1840 1757
1838 1840 1878
1892 1894 1724
1892 1848 1894
1875 1865 1719
1850 1865 1875
1870 1874 1722
1870 1851 1874
1852 1866 1885
1871 1853 1882
1876 1872 1720
1859 1872 1876
1881 1900 1750
1881 1862 1900
1765 1908 1729
1908 1765 1731
1731 1901 1908
1903 1764 1728
1764 1903 1730
1895 1730 1903
1908 1727 1729
1727 1908 1832
1832 1908 1890
1726 1903 1728
1903 1726 1824
1903 1824 1879
1771 1731 1733
1912 1733 1731
222 223 1861
223 1760 1861
208 209 1858
1759 208 1858
1896 81 82
201 1893 202
1739 1873 1811
1873 196 195
1863 1873 1739
1869 1743 1801
220 1869 219
1869 1868 1743
1860 73 74
1748 1868 1856
1879 1748 1856
1889 1747 1846
1846 1826 1889
1837 78 79
1745 1849 1837
1747 1890 1846
1858 1846 1890
81 1825 80
81 1896 1825
1882 1750 1825
1825 1896 1882
1819 201 200
1893 201 1819
72 1797 71
1902 1744 1859
1766 1854 1859
1859 1854 1902
1765 1904 1762
1729 1904 1765
1904 1729 1871
1906 1764 1761
1906 1728 1764
1728 1906 1866
1758 1767 1741
1767 1886 1741
1721 1862 1770
1862 1721 1798
1862 1849 1745
1798 1849 1862
1831 1758 1741
1880 1758 1831
1769 1899 1831
1754 1905 1794
1795 1794 1905
1848 1721 1770
1883 1721 1848
1752 1850 1848
1848 1850 1883
1772 1913 1730
1914 1774 1796
1734 1915 1914
1734 1916 1915
1917 1783 1817
1777 1920 1817
1734 1920 1916
1921 217 218
1924 200 199
1864 1924 199
1833 1925 1787
1925 1833 1749
1925 1785 1787
219 1927 218
1801 1927 1869
1927 219 1869
1931 1749 1820
1931 1797 1928
1869 1932 1868
1932 1869 220
1932 1856 1868
1933 189 188
189 1933 1909
1934 1734 1914
1796 1934 1914
80 1935 79
1935 1837 79
1936 1779 1794
1937 198 197
1749 1940 1925
1785 1940 1928
1940 1785 1925
1941 1785 1919
1785 1941 1787
1942 1802 1740
1942 1810 1776
1802 1942 1776
1798 1944 1849
1944 1798 1812
1945 1774 1914
1945 1773 1926
1779 1946 1754
1947 1801 1743
1801 1947 1775
1949 1780 1916
1950 1888 1744
211 1951 210
1846 1951 1826
1827 1954 1804
70 1957 1753
1957 1820 1753
1804 1958 1877
192 1959 193
1959 1814 193
1961 83 1762
1904 1961 1762
1963 1795 1792
1964 1773 1915
1773 1964 1960
1965 1816 1769
1831 1965 1769
1816 1965 1855
203 1966 1761
1906 1966 1893
1966 1906 1761
1786 1967 1847
1967 1786 1810
1967 1740 1847
1968 1755 1845
1783 1968 1845
1969 1778 1918
1970 1780 1739
1970 1809 1960
1809 1970 1739
1755 1971 1857
1973 209 210
1973 1846 1858
209 1973 1858
1856 1975 1879
1975 1861 1879
1976 85 3
1976 206 1733
206 1976 3
85 1976 1733
1978 1891 1742
1807 1979 1926
1911 1933 188
1927 1921 218
1801 1921 1927
1899 1804 1954
1967 1942 1740
1810 1942 1967
1917 1920 1734
1917 1817 1920
1885 1819 1972
1947 1923 1775
1830 1923 1947
1951 1973 210
1951 1846 1973
1849 1944 1955
1741 1965 1831
1741 1855 1965
202 1966 203
202 1893 1966
1928 1919 1785
1945 1915 1773
1914 1915 1945
1964 1916 1780
1915 1916 1964
1949 1920 1777
1916 1920 1949
1926 1953 1807
1945 1979 1774
1945 1926 1979
1931 1940 1749
1931 1928 1940
1970 1964 1780
1960 1964 1970
1718 1946 1938
1946 1779 1938
1909 190 189
1909 1827 190
1958 1790 1807
1790 1958 1804
1807 1953 1958
1844 1971 1755
222 1975 221
1975 222 1861
1975 1856 221
1867 1936 1738
1968 1783 1776
1968 1844 1755
1930 1844 1968
1776 1930 1968
83 1961 82
1896 1961 1904
1961 1896 82
1858 1901 1759
1858 1890 1901
1890 1908 1901
1923 1962 1775
71 1957 70
1957 71 1797
1820 1957 1931
1931 1957 1797
215 1922 214
1922 1969 1784
214 1939 213
1939 1788 1806
1788 1939 1784
214 1922 1939
1922 1784 1939
1895 1861 1760
1879 1861 1895
1903 1879 1895
1963 1794 1795
1788 1943 1978
1943 1907 1978
1938 1844 1718
1971 1844 1938
1979 1723 1841
1723 1979 1807
1774 1979 1841
1959 1974 1814
1959 1877 1974
1718 1930 1810
1930 1718 1844
1930 1776 1810
1775 1921 1801
1962 1921 1775
1784 1943 1788
1969 1943 1784
1782 1956 1791
1956 1782 1781
1977 1791 1956
1882 1896 1871
1896 1904 1871
1949 1863 1780
195 194 1811
1873 195 1811
1825 1935 80
1935 1825 1900
1935 1745 1837
1900 1745 1935
1955 1837 1849
1802 1934 1796
1974 1809 1814
1974 1960 1809
1885 1972 1852
1854 1852 1972
1902 1854 1972
1906 1885 1866
1906 1893 1885
1885 1893 1819
1859 1744 1872
1744 1888 1872
85 1912 84
84 1912 1762
85 1733 1912
1734 1934 1917
1776 1917 1802
1917 1776 1783
1934 1802 1917
1913 205 204
1913 204 1761
69 1910 68
1767 1910 1886
1910 69 1753
1753 1886 1910
1944 1812 1952
221 1932 220
221 1856 1932
1826 1980 1742
1980 1978 1742
1980 1826 1806
1981 1738 1936
1981 1794 1963
1794 1981 1936
1738 1981 1963
1969 1982 1943
1982 1969 1918
72 1983 1797
1983 1928 1797
1984 1867 1948
1867 1984 1936
1922 1986 1969
1986 1922 215
212 1990 211
1826 1990 1806
1990 212 1806
74 1991 1860
1992 1787 1941
1992 1956 1781
1787 1992 1781
66 1993 1
1993 186 1
1977 1985 1791
1985 1952 1791
1788 1980 1806
1788 1978 1980
216 1986 215
1778 1969 1986
1919 1983 1860
1983 1919 1928
77 1994 76
1987 76 1994
1977 1992 1941
1977 1956 1992
1768 1993 1763
1993 1768 186
75 1991 74
72 73 1983
73 1860 1983
1899 1880 1831
1899 1954 1880
1929 1873 1863
1873 1929 196
1813 1907 1792
1907 1963 1792
1813 1891 1907
1978 1907 1891
1926 1773 1953
1773 1960 1953
1953 1960 1974
1924 1819 200
1972 1819 1924
1924 1864 1902
1902 1972 1924
1987 75 76
1991 75 1987
1985 1991 1987
1955 1944 1994
1944 1952 1994
1909 1954 1827
1954 1909 1751
1880 1954 1751
1827 191 190
1929 1863 1988
78 1955 77
1994 77 1955
1837 1955 78
1751 1933 1732
1933 1911 1732
1909 1933 1751
1860 1977 1919
1919 1977 1941
1810 1946 1718
1754 1946 1786
1810 1786 1946
1990 1951 211
1826 1951 1990
213 1806 212
213 1939 1806
1995 191 1827
1995 1877 1959
1877 1995 1827
217 1996 216
1764 1997 1761
1913 1997 1730
1997 1913 1761
1997 1764 1730
1782 1998 1812
1952 1998 1791
1998 1952 1812
1998 1782 1791
1999 1732 1768
1763 1999 1768
1732 1999 1767
1777 2000 1949
205 2001 5
2001 225 5
2002 1910 1767
2003 1867 1738
1918 2003 1738
2002 1999 1763
1767 1999 2002
2000 1863 1949
1988 1863 2000
2001 205 1913
2001 1772 225
1772 2001 1913
1996 217 1921
1962 1996 1921
68 2002 67
2002 68 1910
2002 1763 67
1994 1952 1985
1985 1987 1994
192 191 1995
1959 192 1995
1737 1989 1803
1830 1803 1989
1918 1738 1982
1963 1982 1738
1982 1963 1907
1943 1982 1907
1763 66 67
66 1763 1993
1958 1974 1877
1974 1958 1953
1977 1860 1991
1977 1991 1985
196 1937 197
1929 1937 196
1929 1988 1937
1996 1986 216
1962 1778 1986
1996 1962 1986
1984 1938 1779
1779 1936 1984
1720 2000 1777
1720 1872 2000
1872 1888 2000
1888 1988 2000
1938 2004 1971
2004 1938 1984
1857 2005 1737
2005 1989 1737
2005 1857 1971
2006 1743 1793
2006 1803 1830
1803 2006 1793
2006 1947 1743
1830 1947 2006
2004 2005 1971
2004 1989 2005
1948 2004 1984
1948 1989 2004
1948 1923 1830
1830 1989 1948
1867 1923 1948
1888 1950 1988
1988 1950 1937
1778 2003 1918
1923 2003 1962
2003 1923 1867
1778 1962 2003
1864 1744 1902
1950 1744 1864
1950 2007 1937
2007 1950 1864
2007 198 1937
2007 199 198
1864 199 2007
2024 106 107
2024 2046 2023
228 2050 227
2051 243 244
223 2052 224
2053 123 124
245 2060 244
2059 226 227
2025 226 2059
2060 2051 244
2050 2059 227
2022 2059 2050
2060 2021 2051
208 2057 209
209 2047 210
209 2057 2047
2044 2083 2067
2084 2009 2080
2093 2033 2087
2097 2027 2070
2099 2043 2087
2100 2013 2065
2103 2012 2095
2014 2105 2093
2010 2106 2073
2107 2012 2069
2012 2107 2095
2108 2044 2076
2039 2109 2092
2110 2013 2100
2013 2116 2065
2117 2037 2105
2036 2118 2108
2011 2119 2086
2056 2120 2102
2121 2036 2095
2123 2015 2088
2123 2056 2102
2028 2124 2082
2032 2124 2103
2126 2027 2119
2027 2126 2121
2048 2127 2100
2128 2015 2081
2128 2038 2111
2038 2128 2081
2031 2131 2074
2132 2010 2073
2132 2045 2120
2036 2133 2095
2016 2138 2088
2139 2017 2114
2144 2029 2102
2147 2012 2103
2147 2028 2127
2012 2150 2069
2048 2150 2127
2009 2151 2080
2043 2151 2137
2152 2016 2019
2016 2152 2138
2034 2154 2081
2154 2038 2081
2017 2156 2020
2156 2017 2139
2039 2157 2047
2159 2056 2145
2056 2159 2120
2160 2009 2118
2160 2049 2137
2162 2039 2047
2039 2162 2109
2036 2163 2118
2163 2036 2121
2038 2164 2111
2165 2058 2149
2058 2165 2114
2041 2166 2139
2011 2167 2119
2015 2168 2088
2016 2168 2111
2168 2016 2088
2170 2033 2093
2171 2037 2117
2033 2172 2087
2173 2043 2135
2043 2173 2087
2014 2175 2114
2058 2175 2135
2175 2058 2114
2021 2176 2051
2015 2178 2081
2029 2178 2102
2014 2179 2105
2017 2179 2114
2179 2014 2114
2180 2057 208
2035 2181 2149
2182 2022 2050
2042 2185 2046
2186 2044 2108
2053 2191 2055
2191 2022 2055
2074 2062 2031
2100 2098 2048
2065 2098 2100
2077 2150 2048
2077 2069 2150
2107 2070 2027
2069 2070 2107
2092 2131 2039
2092 2074 2131
2108 2133 2036
2108 2076 2133
2084 2186 2009
2099 2151 2043
2099 2080 2151
2090 2178 2029
2090 2081 2178
2085 2124 2032
2085 2082 2124
2097 2119 2027
2097 2086 2119
2093 2173 2014
2093 2087 2173
2099 2087 2172
2123 2140 2056
2123 2088 2140
2088 2138 2140
2129 2125 2042
2091 2125 2129
2116 2109 2018
2092 2109 2116
2170 2105 2037
2093 2105 2170
2103 2133 2032
2103 2095 2133
2121 2107 2027
2095 2107 2121
2110 2127 2028
2110 2100 2127
2123 2178 2015
2123 2102 2178
2144 2120 2045
2102 2120 2144
2181 2112 2041
2167 2137 2049
2147 2124 2028
2103 2124 2147
2117 2179 2017
2117 2105 2179
2170 2113 2033
2186 2118 2009
2108 2118 2186
2128 2168 2015
2128 2111 2168
2139 2165 2041
2139 2114 2165
2160 2163 2049
2160 2118 2163
2126 2167 2049
2126 2119 2167
2132 2159 2010
2132 2120 2159
2163 2126 2049
2121 2126 2163
2147 2150 2012
2147 2127 2150
2173 2175 2014
2173 2135 2175
2160 2151 2009
2137 2151 2160
2138 2152 2169
2156 2139 2166
2159 2158 2010
2145 2158 2159
2165 2181 2041
2165 2149 2181
2055 2190 2020
2190 2055 2022
2022 2182 2190
2184 2054 2019
2054 2184 2021
2176 2021 2184
2190 2017 2020
2017 2190 2117
2117 2190 2171
2016 2184 2019
2184 2016 2111
2184 2111 2164
2185 2042 2125
2059 2022 2025
2191 2025 2022
242 243 2148
243 2051 2148
228 229 2143
2050 228 2143
2177 121 122
221 2174 222
2157 212 211
2131 2157 2039
2155 2034 2089
240 2155 239
2155 2154 2034
2038 2154 2142
2164 2038 2142
2146 108 109
2170 2037 2134
2134 2113 2170
2122 118 119
2035 2136 2122
2037 2171 2134
2143 2134 2171
121 2112 120
121 2177 2112
2166 2041 2112
2112 2177 2166
2104 221 220
2174 221 2104
2056 2140 2145
2145 2140 2183
2055 2187 2053
2020 2187 2055
2187 2020 2156
2188 2054 2052
2188 2019 2054
2019 2188 2152
2011 2149 2058
2149 2011 2086
2149 2136 2035
2086 2136 2149
2044 2186 2083
2084 2083 2186
2135 2011 2058
2167 2011 2135
2043 2137 2135
2135 2137 2167
2060 2192 2021
2196 2026 2195
2071 2197 2068
2026 2197 2195
2198 2073 2106
2200 2129 2194
2129 2200 2040
2075 2201 2193
2203 2068 2197
2068 2203 2106
2026 2203 2197
2204 2013 2110
2205 237 238
2208 220 219
2074 2209 2062
239 2210 238
2089 2210 2155
2210 239 2155
2155 2211 2154
2211 2155 240
2211 2142 2154
2212 2026 2196
2082 2212 2196
2075 2213 2077
120 2216 119
2216 2122 119
2217 2067 2083
2218 110 111
110 2218 2194
2219 2062 2209
2062 2219 2195
2222 218 217
2224 2085 2032
2224 2096 2064
2085 2224 2064
2225 2129 2042
2225 2146 2194
2129 2225 2194
2086 2227 2136
2227 2086 2097
2228 2089 2034
2089 2228 2063
2067 2229 2044
231 2232 230
2134 2232 2113
2068 2233 2071
2013 2234 2116
2234 2092 2116
2040 2236 2129
2236 2091 2129
2237 2091 2065
2116 2237 2065
2238 123 2053
2187 2238 2053
2240 2084 2080
223 2241 2052
2188 2241 2174
2241 2188 2052
2076 2242 2133
2242 2076 2096
2242 2032 2133
2243 2066 2199
2244 214 213
2245 2077 2048
2098 2245 2048
2246 2045 2132
2073 2246 2132
2045 2247 2144
2249 229 230
2249 2134 2143
229 2249 2143
112 2250 111
2250 112 2193
2046 2252 2042
2142 2253 2164
2253 2148 2164
212 2254 213
2255 125 4
2255 226 2025
226 2255 4
125 2255 2025
2256 2172 2033
2062 2257 2031
2257 2141 2031
2258 2028 2082
2028 2258 2110
2068 2101 2233
2082 2196 2258
2210 2205 238
2089 2205 2210
2242 2224 2032
2096 2224 2242
2169 2104 2248
2250 2218 111
2200 2201 2040
2198 2203 2026
2198 2106 2203
2204 2110 2258
2228 2207 2063
2115 2207 2228
2232 2249 230
2232 2134 2249
2136 2227 2235
2254 2244 213
2252 2225 2042
2146 2225 2252
222 2241 223
222 2174 2241
2200 2194 2218
2196 2195 2219
2259 2236 2040
2008 2229 2221
2229 2067 2221
2130 2247 2045
242 2253 241
2253 242 2148
2253 2142 241
2246 2073 2064
2246 2130 2045
2214 2130 2246
2064 2214 2246
2153 2217 2030
123 2238 122
2177 2238 2187
2238 2177 122
2143 2182 2050
2143 2171 2182
2171 2190 2182
2207 2239 2063
235 2206 234
2206 2243 2072
234 2220 233
2220 2078 2094
2078 2220 2072
234 2206 2220
2206 2072 2220
2176 2148 2051
2164 2148 2176
2184 2164 2176
2240 2083 2084
2078 2226 2256
2226 2189 2256
2221 2130 2008
2247 2130 2221
2008 2214 2096
2214 2008 2130
2214 2064 2096
2237 2018 2125
2018 2237 2116
2091 2237 2125
2162 2047 2057
2162 2057 2061
2018 2162 2061
2018 2109 2162
2063 2205 2089
2239 2205 2063
2072 2226 2078
2243 2226 2072
2254 2157 2131
2157 2254 212
211 210 2047
2157 211 2047
2252 108 2146
108 2252 107
2024 2252 2046
2252 2024 107
2166 2177 2156
2177 2187 2156
109 110 2194
2146 109 2194
2112 2216 120
2216 2112 2181
2216 2035 2122
2181 2035 2216
2235 2122 2136
2185 2023 2046
2085 2212 2082
2169 2248 2138
2140 2138 2248
2183 2140 2248
2234 2013 2204
2234 2074 2092
2234 2209 2074
2204 2209 2234
2188 2169 2152
2188 2174 2169
2169 2174 2104
2026 2212 2198
2064 2198 2085
2198 2064 2073
2212 2085 2198
2180 2023 2185
2180 2061 2057
2180 2185 2061
125 2191 124
124 2191 2053
125 2025 2191
2192 225 224
2192 224 2052
2227 2097 2231
241 2211 240
241 2142 2211
2113 2260 2033
2260 2256 2033
2260 2113 2094
2261 2030 2217
2261 2083 2240
2083 2261 2217
2030 2261 2240
2243 2262 2226
2262 2243 2199
2264 2153 2230
2153 2264 2217
2206 2266 2243
2266 2206 235
232 2269 231
2113 2269 2094
2269 232 2094
2061 2270 2018
2125 2270 2185
2270 2125 2018
2270 2061 2185
2271 2077 2213
2077 2271 2069
207 2273 208
2273 2180 208
2251 2265 2079
2265 2231 2079
2078 2260 2094
2078 2256 2260
236 2266 235
2066 2243 2266
117 2272 116
2267 116 2272
115 2263 114
2201 2250 2193
2200 2250 2201
2200 2218 2250
2141 2215 2031
2215 2244 2254
2024 2023 2273
2023 2180 2273
2099 2189 2080
2189 2240 2080
2099 2172 2189
2256 2189 2172
2258 2196 2219
2219 2209 2204
2204 2258 2219
2245 2075 2077
2098 2259 2245
2208 2104 220
2248 2104 2208
2183 2248 2208
2235 2227 2272
2227 2231 2272
2267 115 116
2263 115 2267
2265 2263 2267
2091 2236 2065
2236 2098 2065
2259 2098 2236
118 2235 117
2272 117 2235
2122 2235 118
2096 2229 2008
2044 2229 2076
2096 2076 2229
2269 2232 231
2113 2232 2269
233 2094 232
233 2220 2094
237 2276 236
2054 2277 2052
2192 2277 2021
2277 2192 2052
2277 2054 2021
2070 2278 2097
2231 2278 2079
2278 2231 2097
2278 2070 2079
2071 2279 2197
2279 2195 2197
2279 2071 2257
225 2280 5
2280 245 5
2281 2153 2030
2199 2281 2030
2274 217 216
2274 2223 2275
2279 2062 2195
2257 2062 2279
2280 225 2192
2280 2060 245
2060 2280 2192
2276 237 2205
2239 2276 2205
2272 2231 2265
2265 2267 2272
2222 217 2274
2274 2275 2222
2259 2040 2201
2075 2259 2201
2259 2075 2245
2029 2268 2090
2115 2090 2268
2199 2030 2262
2240 2262 2030
2262 2240 2189
2226 2262 2189
2101 2275 2233
2275 2223 2233
2276 2266 236
2239 2066 2266
2276 2239 2266
2264 2221 2067
2067 2217 2264
2213 2202 2251
2263 2251 2202
2251 2263 2265
2271 2070 2069
2251 2079 2271
2251 2271 2213
2070 2271 2079
2221 2282 2247
2282 2221 2264
2283 2131 2031
2283 2215 2254
2215 2283 2031
2131 2283 2254
2144 2284 2029
2284 2268 2029
2284 2144 2247
2285 2034 2081
2285 2090 2115
2090 2285 2081
2285 2228 2034
2115 2228 2285
2282 2284 2247
2282 2268 2284
2230 2282 2264
2230 2268 2282
2230 2207 2115
2115 2268 2230
2153 2207 2230
2233 2161 2071
2161 2257 2071
2161 2141 2257
2223 2161 2233
2066 2281 2199
2207 2281 2239
2281 2207 2153
2066 2239 2281
214 2286 215
2244 2286 214
2161 2286 2141
2244 2215 2286
2215 2141 2286
2287 218 2222
2208 2289 2183
2290 2286 2161
2291 2075 2193
2291 2202 2213
2075 2291 2213
2275 2292 2222
2101 2293 2158
2293 2101 2068
2293 2010 2158
2293 2106 2010
2068 2106 2293
2223 2290 2161
2223 2274 2290
2292 2287 2222
215 2290 216
2290 215 2286
2290 2274 216
2287 219 218
219 2287 2208
2289 2208 2287
2183 2288 2145
2289 2288 2183
2145 2288 2158
2288 2101 2158
2101 2288 2275
2292 2275 2288
113 2294 112
2294 2193 112
2292 2289 2287
2292 2288 2289
2294 2291 2193
2202 2291 2294
2295 114 2263
2295 2202 2294
2202 2295 2263
2295 113 114
2294 113 2295
106 2296 3
2296 206 3
2296 207 206
2296 2024 2273
2024 2296 106
2273 207 2296
2310 146 147
183 2336 184
243 2338 244
2339 163 164
2345 185 184
2311 185 2345
226 2343 227
2346 245 244
2343 2310 2309
2336 2345 184
2346 244 2338
2307 2345 2336
226 2310 2343
2312 245 2346
147 148 2337
2343 228 227
228 2343 2335
2343 2309 2335
2353 2323 2348
2382 2332 2373
2384 2301 2381
154 2385 153
2319 2385 2372
2386 2324 2359
2388 2301 2384
2391 2324 2386
2313 2392 2353
2395 2319 2372
2325 2397 2377
2397 2304 2377
2398 2305 2306
2398 2333 2365
2305 2398 2365
2331 2399 2384
2333 2400 2365
2400 2323 2365
151 2408 150
2332 2408 2373
2408 2332 150
2409 2322 2367
2409 2314 2376
2334 2413 2404
2300 2415 2356
2327 2417 2388
2419 2330 2335
2421 174 173
174 2421 2407
2328 2425 2381
2425 2328 2407
2320 2426 2382
2317 2427 2395
2319 2428 2373
2428 2319 2395
2324 2431 2359
2432 2342 2419
172 2434 173
2436 229 228
2335 2436 228
2437 2301 2388
2439 2324 2391
2441 2307 2336
2445 2334 2438
2446 2303 2370
2446 2305 2392
2325 2448 2397
2450 2338 2340
2338 2450 2346
2308 2450 2340
230 2451 231
2452 2335 2309
2335 2452 2419
146 2454 4
226 2454 2310
2454 226 4
2454 146 2310
2455 2309 2310
2434 2421 173
2331 2421 2434
147 2455 2310
147 2337 2455
2419 2447 2330
2419 2342 2447
2426 2393 2302
2320 2393 2426
2365 2392 2305
2366 2354 2406
2379 2378 2317
2354 2378 2379
2381 2363 2328
2375 2357 2298
2363 2430 2328
2363 2361 2430
2366 2380 2422
2395 2379 2317
2372 2379 2395
2382 2428 2320
2382 2373 2428
2383 2376 2298
2429 2375 2298
2384 2425 2331
2384 2381 2425
2427 2393 2320
2434 2399 2331
2388 2399 2327
2388 2384 2399
2388 2417 2437
2428 2427 2320
2395 2427 2428
2416 2397 2448
2447 2413 2330
2404 2413 2447
2425 2421 2331
2407 2421 2425
2451 2413 2334
2418 2423 2344
2307 2441 2443
2440 2340 2306
2303 2417 2370
2417 2327 2370
2445 232 231
2334 2445 2451
2451 2445 231
2304 2443 2391
2391 2443 2439
2302 2423 2456
2418 2342 2456
2418 2456 2423
2424 2455 2337
2345 2307 2311
2453 2311 2307
2312 2450 2308
2312 2346 2450
183 182 2414
2336 183 2414
2442 2323 2400
239 2442 240
2444 161 162
2435 151 152
2435 2408 151
2435 2319 2373
2373 2408 2435
2407 175 174
2328 2430 2407
2431 2324 2412
2324 2439 2412
2414 2412 2439
161 2403 160
2410 170 169
2456 2342 2432
2327 2399 2394
2299 2368 2341
2402 2368 2299
2411 2344 2369
2369 2396 2411
148 149 2424
2337 148 2424
2305 2440 2306
2433 2333 2398
2433 2340 2338
2433 2306 2340
2306 2433 2398
2329 2401 2355
2401 2329 2314
2429 2298 2376
2314 2429 2376
2429 2314 2329
2418 2447 2342
2344 2411 2418
2418 2411 2404
2447 2418 2404
2436 230 229
2330 2436 2335
2330 2413 2436
2451 230 2436
2436 2413 2451
2458 2315 2457
2315 2459 2457
2350 2460 2458
2462 2442 239
2463 2371 2460
2463 2352 2461
2464 2348 2323
2464 2442 2462
2442 2464 2323
2466 2360 2465
2371 2470 2466
2472 2316 2468
2473 2364 2396
2473 2316 2461
2347 2474 2457
2350 2475 2460
2476 2315 2458
2315 2476 2465
160 2478 159
2478 160 2403
2315 2479 2459
2480 2455 2424
2316 2483 2461
2371 2483 2470
2394 2484 2327
2485 2369 2344
2405 2485 2344
2412 2486 2431
2405 2487 2341
2493 2366 2422
243 2495 2338
2495 2433 2338
2497 2394 2399
2434 2497 2399
2383 2499 2376
2499 2383 2326
175 2500 176
2357 2505 2298
2505 2383 2298
2368 2508 2468
2508 2368 2402
2511 2383 2505
2512 2368 2468
2514 2299 2341
2299 2514 2387
2515 2401 2314
2515 2367 2467
177 2516 178
2522 2403 161
2522 2444 2448
2444 2522 161
2403 2522 2448
2523 2347 2457
2347 2523 2462
2385 2527 153
2435 2527 2319
2527 2385 2319
2528 2380 2366
2530 2385 154
2531 163 2339
2449 2531 2339
2533 2376 2499
2374 2533 2499
2352 2534 2461
2535 2360 2466
2539 2389 2297
2369 2540 2396
2316 2540 2468
2541 177 176
2353 2542 2323
2365 2542 2392
2542 2365 2323
2542 2353 2392
2543 2422 2297
2360 2544 2465
2357 2544 2505
2545 165 0
2545 185 2311
185 2545 0
165 2545 2311
2546 166 5
2546 245 2312
245 2546 5
166 2546 2312
2302 2549 2423
2429 2551 2375
2353 2552 2313
2553 2318 2406
2354 2553 2406
2409 2515 2314
2409 2367 2515
2409 2533 2322
2409 2376 2533
2473 2540 2316
2473 2396 2540
2402 2490 2508
2529 2448 2325
2403 2448 2529
2304 2510 2377
2344 2549 2405
2344 2423 2549
2547 2325 2377
2527 152 153
2435 152 2527
2486 181 180
2412 181 2486
2480 2424 2550
2487 2514 2341
2523 2459 2348
2457 2459 2523
2458 2474 2350
2458 2457 2474
2476 2460 2371
2458 2460 2476
2517 2467 2367
2463 2475 2352
2463 2460 2475
2473 2534 2364
2473 2461 2534
2463 2483 2371
2463 2461 2483
2464 2523 2348
2464 2462 2523
2466 2476 2371
2466 2465 2476
2466 2470 2535
2485 2512 2369
2515 2536 2401
2515 2467 2536
2512 2540 2369
2512 2468 2540
2472 2468 2508
2472 2483 2316
2472 2470 2483
2481 2498 2358
2541 2516 177
242 2495 243
2511 2544 2360
2511 2505 2544
2507 2427 2317
2497 172 171
172 2497 2434
2394 2497 171
2485 2341 2368
2341 2485 2405
2368 2512 2485
2393 2549 2302
2405 2549 2487
2354 2493 2378
2493 2354 2366
2491 2378 2493
2318 2509 2406
2501 2382 2426
2414 2441 2336
2414 2439 2441
2439 2443 2441
237 2502 238
2502 2474 2347
2502 2347 2462
2498 2506 2358
2496 2475 2350
2506 158 159
2350 2474 2496
2531 162 163
162 2531 2444
2495 2333 2433
157 2469 156
2530 2372 2385
2524 2372 2530
2318 2524 2530
2407 2500 175
2500 2407 2430
2501 2426 2302
2302 2456 2501
2501 2456 2432
2299 2526 2402
2448 2444 2416
2531 2416 2444
2449 2416 2531
2431 2420 2359
2363 2477 2361
2477 2363 2355
2482 2321 2547
2374 2518 2494
2494 2518 2519
2318 2553 2524
2524 2379 2372
2548 2357 2375
241 2489 242
2495 242 2489
2489 2333 2495
2484 2410 2390
2348 2552 2353
2552 2348 2459
2552 2459 2479
2511 2326 2383
2326 2511 2490
2535 2511 2360
2490 2511 2535
2504 2351 2349
2362 2351 2504
2504 2415 2300
2301 2525 2381
2525 2329 2355
2521 2516 2541
2517 2367 2322
2517 2389 2349
2389 2517 2322
165 2453 164
164 2453 2339
165 2311 2453
2536 2355 2401
2355 2536 2477
2334 2404 2438
2438 2396 2364
2411 2396 2438
2411 2438 2404
2455 2452 2309
2452 2432 2419
2480 2432 2452
2455 2480 2452
2533 2494 2322
2533 2374 2494
238 2462 239
238 2502 2462
2539 2349 2389
2504 2349 2539
2379 2553 2354
2379 2524 2553
2300 2362 2504
2300 2520 2362
2555 2475 2496
2363 2556 2355
2525 2556 2381
2556 2525 2355
2556 2363 2381
2502 2557 2474
2557 2502 237
2557 2496 2474
2548 2558 2313
2559 2469 157
2559 2506 2498
2469 2559 2498
2340 2561 2308
2561 2340 2440
2563 2332 2382
2501 2563 2382
2332 2563 2550
2422 2565 2297
2532 2565 2380
2565 2422 2380
2518 2566 2526
2566 2518 2374
2567 2389 2322
2494 2567 2322
2569 240 2442
2400 2569 2442
2570 149 150
2332 2570 150
149 2570 2424
2571 2525 2301
2572 2478 2403
2529 2572 2403
2548 2573 2357
2361 2574 2430
170 2575 171
2394 2575 2484
2575 2394 171
2576 2420 2488
2577 2326 2490
2577 2402 2526
2402 2577 2490
2578 2393 2427
2507 2578 2427
2579 2392 2313
2580 155 156
2378 2581 2317
2581 2507 2317
2566 2499 2326
2374 2499 2566
2297 2389 2567
2446 2579 2303
2446 2392 2579
2482 2560 2321
2550 2570 2332
2550 2424 2570
2558 2579 2313
2488 2420 2554
2562 2498 2481
2509 2498 2562
2574 2500 2430
158 2559 157
158 2506 2559
236 2557 237
236 2496 2557
2548 2375 2558
2358 2560 2481
2488 2538 2576
2410 2575 170
2410 2484 2575
2577 2566 2326
2526 2566 2577
2329 2525 2571
2503 2537 2576
2516 2554 178
2469 2580 156
2469 2471 2580
2565 2539 2297
2504 2539 2415
2532 2415 2539
2532 2539 2565
2541 176 2500
2574 2541 2500
2521 2541 2574
2582 2482 2547
2519 2518 2513
2513 2518 2526
2362 2520 2537
2503 2576 2538
2550 2432 2480
2432 2550 2501
2550 2563 2501
2569 241 240
241 2569 2489
2333 2569 2400
2333 2489 2569
2521 2574 2538
2359 2568 2386
2359 2537 2568
2520 2568 2537
179 178 2554
2578 2549 2393
2487 2549 2578
2578 2514 2487
2514 2578 2507
2580 2471 2318
2530 2580 2318
2453 2307 2449
2443 2449 2307
2339 2453 2449
2481 2560 2492
2492 2562 2481
2482 2492 2560
2492 2528 2562
2554 2516 2488
2488 2516 2538
2516 2521 2538
2547 2321 2529
2529 2325 2547
2506 2478 2358
2478 2506 159
2380 2528 2492
2492 2532 2380
2482 2582 2492
2513 2387 2491
2513 2543 2519
2472 2508 2470
2535 2470 2508
2535 2508 2490
182 2412 2414
2412 182 181
166 2312 167
2308 167 2312
2552 2479 2313
2479 2548 2313
2548 2479 2573
2584 2299 2387
2584 2513 2526
2513 2584 2387
2299 2584 2526
2440 2586 2390
2586 2440 2305
2517 2587 2467
2587 2517 2349
2574 2588 2538
2588 2574 2361
2420 2589 2359
2537 2589 2576
2589 2537 2359
2589 2420 2576
2590 2568 2520
2568 2590 2510
2591 2377 2510
2510 2590 2591
2520 2300 2590
2351 2587 2349
2585 234 233
2585 2534 2352
2583 2534 2585
233 2583 2585
2555 235 234
234 2585 2555
2352 2475 2555
2585 2352 2555
154 155 2530
155 2580 2530
2498 2471 2469
2471 2498 2509
2509 2318 2471
2581 2387 2514
2581 2514 2507
2547 2591 2582
2591 2547 2377
2356 2582 2591
2579 2564 2303
2558 2564 2579
2417 2303 2564
2437 2417 2564
232 2583 233
2534 2583 2364
2583 2438 2364
232 2445 2583
2583 2445 2438
2581 2378 2491
2387 2581 2491
2366 2406 2528
2509 2528 2406
2509 2562 2528
2321 2560 2572
2321 2572 2529
2358 2572 2560
2572 2358 2478
2391 2510 2304
2391 2386 2510
2568 2510 2386
2397 2416 2304
2486 180 179
2486 179 2554
2431 2486 2420
2554 2420 2486
2567 2543 2297
2519 2567 2494
2519 2543 2567
2573 2315 2465
2479 2315 2573
2573 2544 2357
2573 2465 2544
235 2496 236
235 2555 2496
2437 2571 2301
2437 2564 2571
2532 2592 2415
2582 2592 2492
2592 2532 2492
2491 2593 2513
2593 2543 2513
2416 2594 2304
2443 2594 2449
2594 2443 2304
2594 2416 2449
2592 2356 2415
2582 2356 2592
2590 2300 2356
2356 2591 2590
2422 2593 2493
2593 2422 2543
2593 2491 2493
2329 2551 2429
2329 2571 2551
2571 2564 2551
2558 2375 2551
2564 2558 2551
2362 2596 2351
2536 2595 2477
2595 2536 2467
2587 2595 2467
2588 2361 2477
2477 2595 2588
2503 2538 2588
2597 2503 2588
2595 2597 2588
2351 2596 2587
2587 2596 2595
2595 2596 2597
2596 2362 2537
2503 2596 2537
2503 2597 2596
2561 2390 2410
2440 2390 2561
2327 2598 2370
2390 2598 2484
2598 2327 2484
2446 2586 2305
2446 2370 2586
2370 2390 2586
2370 2598 2390
2599 168 167
2308 2599 167
2599 2561 2410
2561 2599 2308
169 168 2599
2410 169 2599
