21 12 0
282 12 21
12 48 0
570 48 12
0 246 21
246 749 21
246 0 39
246 39 757
282 13 12
22 282 21
283 13 282
290 282 22
48 39 0
318 39 48
570 49 48
13 570 12
571 49 570
578 570 13
21 749 22
749 747 22
757 39 40
247 246 757
757 40 756
247 757 764
283 14 13
290 283 282
23 290 22
284 14 283
291 283 290
297 290 23
318 40 39
49 318 48
319 40 318
326 318 49
571 50 49
578 571 570
14 578 13
572 50 571
579 571 578
585 578 14
22 747 23
246 247 749
747 744 23
247 748 749
756 40 41
764 757 756
248 247 764
756 41 755
764 756 763
248 764 770
284 15 14
291 284 283
297 291 290
24 297 23
285 15 284
292 284 291
298 291 297
303 297 24
319 41 40
326 319 318
50 326 49
320 41 319
327 319 326
333 326 50
572 51 50
579 572 571
585 579 578
15 585 14
573 51 572
580 572 579
586 579 585
591 585 15
23 744 24
749 748 747
744 740 24
748 745 747
755 41 42
763 756 755
770 764 763
249 248 770
755 42 754
763 755 762
770 763 769
249 770 775
285 16 15
292 285 284
298 292 291
303 298 297
25 303 24
286 16 285
293 285 292
299 292 298
304 298 303
308 303 25
320 42 41
327 320 319
333 327 326
51 333 50
321 42 320
328 320 327
334 327 333
339 333 51
573 52 51
580 573 572
586 580 579
591 586 585
16 591 15
574 52 573
581 573 580
587 580 586
592 586 591
596 591 16
24 740 25
747 745 744
248 249 746
740 735 25
745 741 744
249 743 746
754 42 43
762 755 754
769 763 762
775 770 769
250 249 775
754 43 753
762 754 761
769 762 768
775 769 774
250 775 779
286 17 16
293 286 285
299 293 292
304 299 298
308 304 303
26 308 25
287 17 286
294 286 293
300 293 299
305 299 304
309 304 308
312 308 26
321 43 42
328 321 320
334 328 327
339 334 333
52 339 51
322 43 321
329 321 328
335 328 334
340 334 339
344 339 52
574 53 52
581 574 573
587 581 580
592 587 586
596 592 591
17 596 16
575 53 574
582 574 581
588 581 587
593 587 592
597 592 596
600 596 17
25 735 26
744 741 740
746 743 742
748 746 745
735 729 26
741 736 740
743 738 742
746 742 745
753 43 44
761 754 753
768 762 761
774 769 768
779 775 774
251 250 779
753 44 752
761 753 760
768 761 767
774 768 773
779 774 778
251 779 782
287 18 17
294 287 286
300 294 293
305 300 299
309 305 304
312 309 308
27 312 26
288 18 287
295 287 294
301 294 300
306 300 305
310 305 309
313 309 312
315 312 27
322 44 43
329 322 321
335 329 328
340 335 334
344 340 339
53 344 52
323 44 322
330 322 329
336 329 335
341 335 340
345 340 344
348 344 53
575 54 53
582 575 574
588 582 581
593 588 587
597 593 592
600 597 596
18 600 17
576 54 575
583 575 582
589 582 588
594 588 593
598 593 597
601 597 600
603 600 18
26 729 27
740 736 735
742 738 737
250 251 739
249 250 743
729 722 27
736 730 735
738 732 737
251 734 739
250 739 743
752 44 45
760 753 752
767 761 760
773 768 767
778 774 773
782 779 778
252 251 782
752 45 751
760 752 759
767 760 766
773 767 772
778 773 777
782 778 781
252 782 784
288 19 18
295 288 287
301 295 294
306 301 300
310 306 305
313 310 309
315 313 312
28 315 27
289 19 288
296 288 295
302 295 301
307 301 306
311 306 310
314 310 313
316 313 315
317 315 28
323 45 44
330 323 322
336 330 329
341 336 335
345 341 340
348 345 344
54 348 53
324 45 323
331 323 330
337 330 336
342 336 341
346 341 345
349 345 348
351 348 54
576 55 54
583 576 575
589 583 582
594 589 588
598 594 593
601 598 597
603 601 600
19 603 18
577 55 576
584 576 583
590 583 589
595 589 594
599 594 598
602 598 601
604 601 603
605 603 19
27 722 28
735 730 729
737 732 731
739 734 733
741 737 736
745 742 741
722 714 28
730 723 729
732 725 731
734 727 733
737 731 736
742 737 741
751 45 46
759 752 751
766 760 759
772 767 766
777 773 772
781 778 777
784 782 781
253 252 784
751 46 750
759 751 758
766 759 765
772 766 771
777 772 776
781 777 780
784 781 783
253 784 785
289 20 19
296 289 288
302 296 295
307 302 301
311 307 306
314 311 310
316 314 313
317 316 315
29 317 28
38 20 289
36 296 302
34 307 311
32 314 316
30 317 29
331 324 323
337 331 330
342 337 336
346 342 341
349 346 345
351 349 348
55 351 54
332 324 331
338 331 337
343 337 342
347 342 346
350 346 349
352 349 351
353 351 55
577 56 55
584 577 576
590 584 583
595 590 589
599 595 594
602 599 598
604 602 601
605 604 603
20 605 19
236 56 577
234 584 590
232 595 599
230 602 604
228 605 20
28 714 29
729 723 722
731 725 724
733 727 726
252 253 728
738 733 732
743 739 738
714 74 29
723 715 722
725 717 724
727 719 726
253 721 728
733 726 732
739 733 738
750 46 47
758 751 750
765 759 758
771 766 765
776 772 771
780 777 776
783 781 780
785 784 783
254 253 785
750 47 110
765 758 108
776 771 106
783 780 104
254 785 102
38 8 20
36 37 296
34 35 307
32 33 314
30 31 317
37 289 296
33 311 314
324 46 45
332 325 324
338 332 331
343 338 337
347 343 342
350 347 346
352 350 349
353 352 351
56 353 55
325 46 324
58 325 332
60 338 343
62 347 350
64 352 353
236 10 56
234 235 584
232 233 595
230 231 602
228 229 605
235 577 584
231 599 602
229 228 613
231 230 626
233 232 635
235 234 640
10 236 155
228 137 613
229 613 620
230 620 626
231 626 631
232 631 635
233 635 638
234 638 640
235 640 641
29 74 4
722 715 714
724 717 716
726 719 718
728 721 720
730 724 723
734 728 727
251 252 734
715 73 714
717 71 716
719 69 718
721 67 720
724 716 723
728 720 727
252 728 734
110 47 5
108 758 109
106 771 107
104 780 105
102 785 103
758 750 109
780 776 105
38 146 8
36 866 37
34 879 35
32 888 33
30 893 31
858 146 38
866 858 37
873 866 36
879 873 35
884 879 34
888 884 33
891 888 32
893 891 31
264 893 30
37 38 289
33 34 311
4 30 29
31 316 317
57 5 47
59 58 332
61 60 343
63 62 350
65 64 353
57 47 325
61 343 347
65 353 56
84 4 74
84 74 361
103 390 102
105 405 104
107 416 106
109 423 108
5 111 110
398 390 103
405 398 104
411 405 105
416 411 106
420 416 107
423 420 108
425 423 109
111 425 110
8 146 137
146 461 137
173 10 155
173 155 469
235 236 577
231 232 599
8 228 20
229 604 605
613 137 136
620 613 612
626 620 619
631 626 625
635 631 630
638 635 634
640 638 637
641 640 639
236 235 641
613 136 612
620 612 619
626 619 625
631 625 630
635 630 634
638 634 637
640 637 639
236 641 155
714 73 74
716 71 72
718 69 70
720 67 68
723 716 715
727 720 719
732 726 725
247 248 748
718 70 717
726 718 725
248 746 748
107 765 108
103 783 104
771 765 107
858 145 146
37 858 38
873 867 866
35 873 36
884 880 879
33 884 34
891 889 888
31 891 32
264 265 893
859 145 858
867 859 866
874 867 873
880 874 879
885 880 884
889 885 888
892 889 891
265 892 893
264 4 84
265 264 901
264 84 901
265 901 908
173 65 10
932 62 63
934 60 61
936 58 59
273 5 57
930 65 173
932 63 931
934 61 933
936 59 935
273 57 937
5 273 111
273 1001 111
35 36 302
35 302 307
58 57 325
62 61 347
10 65 56
63 350 352
355 68 67
357 70 69
359 72 71
361 74 73
85 84 361
355 67 354
357 69 356
359 71 358
361 73 360
85 361 368
398 391 390
104 398 103
411 406 405
106 411 105
420 417 416
108 420 107
425 424 423
110 425 109
390 93 102
399 391 398
406 399 405
412 406 411
417 412 416
421 417 420
424 421 423
112 424 425
137 461 136
461 459 136
469 155 154
172 173 469
469 154 468
172 469 476
233 234 590
233 590 595
612 136 135
619 612 611
625 619 618
630 625 624
634 630 629
637 634 633
639 637 636
155 641 154
612 135 611
619 611 618
625 618 624
630 624 629
634 629 633
637 633 636
641 639 154
715 72 73
719 68 69
725 718 717
736 731 730
720 68 719
731 724 730
105 776 106
785 783 103
859 144 145
866 859 858
874 868 867
879 874 873
885 881 880
888 885 884
892 890 889
893 892 891
4 264 30
868 860 867
875 868 874
881 875 880
886 881 885
890 886 889
266 890 892
901 84 85
908 901 900
266 265 908
901 85 900
908 900 907
266 908 914
930 64 65
933 61 62
937 57 58
939 932 931
941 934 933
943 936 935
274 273 937
931 64 930
935 60 934
939 931 938
941 933 940
943 935 942
274 937 944
111 1001 112
1001 999 112
31 32 316
60 59 338
59 332 338
354 67 66
358 71 70
362 355 354
364 357 356
366 359 358
368 361 360
86 85 368
354 66 75
358 70 357
362 354 76
364 356 363
366 358 365
368 360 367
86 368 374
102 93 2
399 392 391
405 399 398
412 407 406
416 412 411
421 418 417
423 421 420
112 113 424
391 94 390
400 392 399
407 400 406
413 407 412
418 413 417
422 418 421
113 422 424
136 459 135
145 144 460
459 456 135
144 458 460
468 154 153
476 469 468
171 172 476
468 153 467
476 468 475
171 476 482
229 230 604
611 135 134
618 611 610
624 618 617
629 624 623
633 629 628
636 633 632
234 233 638
611 134 610
618 610 617
624 617 623
629 623 628
633 628 632
639 636 153
717 70 71
253 254 721
254 66 721
2 254 102
867 860 859
875 869 868
880 875 874
886 882 881
889 886 885
266 267 890
860 144 859
869 861 868
876 869 875
882 876 881
887 882 886
267 887 890
900 85 86
907 900 899
914 908 907
267 266 914
900 86 899
907 899 906
914 907 913
267 914 919
931 63 64
172 930 173
940 933 932
944 937 936
945 939 938
947 941 940
949 943 942
275 274 944
933 62 932
938 930 172
942 934 941
945 938 171
947 940 946
949 942 948
275 944 950
112 999 113
274 275 1000
999 996 113
275 998 1000
325 47 46
75 66 2
360 73 72
363 356 355
367 360 359
370 364 363
372 366 365
374 368 367
87 86 374
356 68 355
363 355 362
367 359 366
370 363 369
372 365 371
374 367 373
87 374 379
390 94 93
400 393 392
406 400 399
413 408 407
417 413 412
422 419 418
424 422 421
111 112 425
393 96 392
401 393 400
408 401 407
414 408 413
419 414 418
114 419 422
135 456 134
460 458 457
461 460 459
456 452 134
458 454 457
460 457 459
467 153 152
475 468 467
482 476 475
170 171 482
467 152 466
475 467 474
482 475 481
170 482 487
610 134 133
617 610 609
623 617 616
628 623 622
632 628 627
153 636 152
610 133 609
617 609 616
623 616 622
628 622 627
636 632 152
94 642 93
642 75 93
650 642 94
721 66 67
716 72 715
860 143 144
868 861 860
876 870 869
881 876 875
887 883 882
890 887 886
265 266 892
870 862 869
877 870 876
883 877 882
268 883 887
899 86 87
906 899 898
913 907 906
919 914 913
268 267 919
899 87 898
906 898 905
913 906 912
919 913 918
268 919 923
935 59 60
942 935 934
946 940 939
950 944 943
952 947 946
954 949 948
276 275 950
937 58 936
944 936 943
948 941 947
952 946 951
954 948 953
276 950 955
113 996 114
1000 998 997
1001 1000 999
996 992 114
998 994 997
1000 997 999
64 63 352
76 354 75
77 362 76
371 365 364
375 370 369
377 372 371
379 374 373
88 87 379
360 72 359
369 362 77
373 366 372
376 370 375
378 372 377
88 379 383
391 95 94
393 97 96
401 394 393
407 401 400
414 409 408
418 414 413
114 115 419
392 95 391
402 394 401
409 402 408
415 409 414
115 415 419
134 452 133
457 454 453
459 457 456
146 145 461
452 447 133
454 449 453
457 453 456
145 460 461
466 152 151
474 467 466
481 475 474
487 482 481
169 170 487
466 151 465
474 466 473
481 474 480
487 481 486
169 487 491
609 133 132
616 609 608
622 616 615
627 622 621
232 231 631
154 639 153
609 132 608
616 608 615
622 615 621
632 627 151
642 76 75
650 643 642
95 650 94
97 663 96
643 76 642
651 643 650
657 650 95
663 657 96
668 663 97
254 2 66
869 862 861
877 871 870
882 877 876
268 269 883
861 143 860
871 863 870
878 871 877
269 878 883
898 87 88
905 898 897
912 906 905
918 913 912
923 919 918
269 268 923
898 88 897
905 897 904
912 905 911
918 912 917
923 918 922
269 923 926
938 931 930
948 942 941
951 946 945
955 950 949
956 952 951
958 954 953
277 276 955
940 932 939
950 943 949
953 947 952
956 951 169
958 953 957
277 955 959
114 992 115
997 994 993
276 277 995
275 276 998
992 987 115
994 989 993
277 991 995
276 995 998
356 69 68
369 363 362
78 369 77
378 373 372
380 376 375
382 378 377
89 88 383
365 357 364
375 369 78
379 373 378
381 376 380
383 378 382
89 383 386
392 96 95
402 395 394
408 402 401
415 410 409
419 415 414
113 114 422
395 98 394
403 395 402
410 403 409
116 410 415
133 447 132
453 449 448
456 453 452
144 143 458
447 441 132
449 443 448
453 448 452
143 455 458
465 151 150
473 466 465
480 474 473
486 481 480
491 487 486
168 169 491
465 150 464
473 465 472
480 473 479
486 480 485
491 486 490
168 491 494
608 132 131
615 608 607
621 615 614
151 627 150
608 131 607
615 607 614
627 621 150
643 77 76
651 644 643
657 651 650
96 657 95
668 664 663
98 668 97
644 77 643
652 644 651
658 651 657
664 658 663
669 664 668
672 668 98
109 750 110
861 142 143
870 863 862
878 872 871
883 878 877
267 268 887
863 141 862
872 864 871
270 872 878
897 88 89
904 897 896
911 905 904
917 912 911
922 918 917
926 923 922
270 269 926
897 89 896
904 896 903
911 904 910
917 911 916
922 917 921
926 922 925
270 926 928
171 938 172
953 948 947
957 953 952
168 956 169
961 958 957
278 277 959
946 939 945
955 949 954
959 954 958
961 957 960
278 959 962
115 987 116
993 989 988
995 991 990
996 993 992
999 997 996
987 981 116
989 983 988
991 985 990
993 988 992
997 993 996
365 358 357
376 371 370
381 377 376
384 381 380
386 383 382
90 89 386
371 364 370
380 375 79
384 380 80
386 382 385
90 386 388
394 98 97
403 396 395
409 403 402
116 117 410
394 97 393
404 396 403
117 404 410
132 441 131
448 443 442
452 448 447
458 455 454
441 434 131
443 436 442
448 442 447
455 450 454
464 150 149
472 465 464
479 473 472
485 480 479
490 486 485
494 491 490
167 168 494
464 149 463
472 464 471
479 472 478
485 479 484
490 485 489
494 490 493
167 494 496
607 131 130
614 607 606
230 229 620
152 632 151
607 130 606
621 614 149
644 78 77
652 645 644
658 652 651
663 658 657
669 665 664
672 669 668
99 672 98
645 78 644
653 645 652
659 652 658
665 659 664
670 665 669
673 669 672
675 672 99
862 141 142
871 864 863
270 271 872
862 142 861
271 865 872
896 89 90
903 896 895
910 904 903
916 911 910
921 917 916
925 922 921
928 926 925
271 270 928
896 90 895
903 895 902
910 903 909
916 910 915
921 916 920
925 921 924
928 925 927
271 928 929
170 945 171
959 955 954
962 959 958
963 961 960
279 278 962
951 945 170
960 956 168
963 960 167
279 962 964
116 981 117
988 983 982
990 985 984
278 279 986
994 990 989
998 995 994
981 974 117
983 976 982
985 978 984
279 980 986
990 984 989
995 990 994
373 367 366
383 379 378
385 382 381
388 386 385
91 90 388
377 371 376
385 381 384
388 385 387
91 388 389
395 99 98
404 397 396
410 404 403
115 116 415
397 100 396
118 397 404
131 434 130
442 436 435
447 442 441
454 450 449
142 141 451
434 426 130
436 428 435
442 435 441
450 444 449
141 446 451
463 149 148
471 464 463
478 472 471
484 479 478
489 485 484
493 490 489
496 494 493
166 167 496
463 148 462
471 463 470
478 471 477
484 478 483
489 484 488
493 489 492
496 493 495
166 496 497
606 130 129
149 614 148
606 129 147
93 75 2
653 646 645
659 653 652
664 659 658
670 666 665
673 670 669
675 673 672
100 675 99
646 79 645
654 646 653
660 653 659
666 660 665
671 666 670
674 670 673
676 673 675
677 675 100
863 140 141
872 865 864
269 270 878
865 139 864
895 90 91
902 895 894
909 903 902
915 910 909
920 916 915
924 921 920
927 925 924
929 928 927
272 271 929
895 91 894
909 902 198
920 915 196
927 924 194
272 929 192
960 957 956
964 962 961
280 279 964
957 952 956
964 961 963
280 964 965
117 974 118
982 976 975
984 978 977
986 980 979
987 982 981
991 986 985
277 278 991
974 966 118
976 968 975
978 970 977
980 972 979
982 975 981
986 979 985
278 986 991
79 375 78
81 384 80
389 388 387
92 91 389
382 377 381
389 387 82
396 100 99
118 119 397
396 99 395
130 426 129
435 428 427
441 435 434
449 444 443
451 446 445
455 451 450
426 120 129
428 122 427
435 427 434
444 437 443
446 439 445
451 445 450
462 148 147
470 463 462
477 471 470
483 478 477
488 484 483
492 489 488
495 493 492
497 496 495
165 166 497
462 147 156
477 470 158
488 483 160
495 492 162
165 497 164
147 129 1
148 606 147
614 606 148
646 80 79
654 647 646
660 654 653
665 660 659
671 667 666
674 671 670
676 674 673
677 676 675
101 677 100
647 80 646
655 647 654
661 654 660
667 661 666
241 667 671
243 674 676
245 677 101
864 139 140
271 272 865
272 138 865
894 91 92
198 902 199
196 915 197
194 924 195
192 929 193
894 92 200
915 909 197
929 927 193
167 960 168
965 964 963
281 280 965
962 958 961
281 965 165
118 966 119
975 968 967
977 970 969
979 972 971
280 281 973
983 977 976
279 280 980
992 988 987
966 227 119
968 225 967
970 223 969
972 221 971
281 219 973
977 969 976
280 973 980
988 982 987
80 380 79
82 387 81
387 384 81
397 101 100
117 118 404
129 120 1
427 122 121
434 427 426
443 437 436
445 439 438
140 139 440
141 140 446
427 121 426
437 429 436
439 431 438
139 433 440
140 440 446
156 147 1
158 470 157
160 483 159
162 492 161
164 497 163
470 462 157
492 488 161
198 199 512
196 197 523
194 195 530
192 193 533
199 505 512
198 512 518
197 518 523
196 523 527
195 527 530
194 530 532
193 532 533
228 8 137
645 79 78
648 82 81
655 648 647
661 655 654
666 661 660
241 240 667
243 242 674
245 244 677
648 81 647
656 648 655
662 655 661
240 662 667
244 676 677
703 240 241
710 242 243
713 244 245
703 698 240
707 703 241
710 707 242
712 710 243
713 712 244
792 121 122
255 1 120
792 122 791
255 120 793
163 822 164
161 837 162
159 848 160
157 855 158
1 255 156
830 822 163
837 830 162
843 837 161
848 843 160
852 848 159
855 852 158
857 855 157
255 857 156
272 6 138
200 92 9
197 909 198
193 927 194
902 894 199
169 951 170
165 965 166
965 963 166
966 226 227
968 224 225
970 222 223
972 220 221
281 7 219
976 969 968
980 973 972
985 979 978
273 274 1001
969 224 968
973 220 972
979 971 978
274 1000 1001
387 385 384
9 92 83
119 101 397
428 123 122
138 6 128
437 430 429
439 432 431
139 138 433
446 440 439
143 142 455
430 124 429
432 126 431
138 128 433
440 432 439
142 451 455
159 477 158
163 495 162
483 477 159
200 9 182
512 505 504
518 512 511
523 518 517
527 523 522
530 527 526
532 530 529
533 532 531
505 181 504
512 504 511
518 511 517
523 517 522
527 522 526
530 526 529
532 529 531
192 533 191
219 7 209
221 220 548
223 222 559
225 224 566
227 226 569
219 209 541
220 541 548
221 548 554
222 554 559
223 559 563
224 563 566
225 566 568
226 568 569
150 621 149
237 9 83
662 656 655
667 662 661
242 241 671
11 245 101
237 83 649
239 656 662
182 9 237
697 698 703
702 703 707
706 707 710
709 710 712
711 712 713
218 245 11
685 182 237
697 691 698
702 697 703
706 702 707
709 706 710
711 709 712
218 713 245
791 122 123
799 792 791
256 255 793
791 123 790
799 791 798
256 793 800
164 209 7
830 823 822
162 830 163
843 838 837
160 843 161
852 849 848
158 852 159
857 856 855
156 857 157
822 209 164
831 823 830
838 831 837
844 838 843
849 844 848
853 849 852
856 853 855
256 856 857
864 140 863
195 920 196
924 920 195
7 281 165
967 225 226
971 221 222
974 967 966
981 975 974
967 226 966
975 967 974
83 389 82
119 11 101
429 124 123
431 126 125
433 128 127
438 431 430
444 438 437
429 123 428
433 127 432
445 438 444
161 488 160
497 495 163
504 181 180
511 504 503
517 511 510
522 517 516
526 522 521
529 526 525
531 529 528
193 194 532
6 192 191
504 180 503
511 503 510
517 510 516
522 516 521
526 521 525
529 525 528
533 531 190
541 209 208
548 541 540
554 548 547
559 554 553
563 559 558
566 563 562
568 566 565
569 568 567
11 227 218
541 208 540
548 540 547
554 547 553
559 553 558
563 558 562
566 562 565
568 565 567
227 569 218
649 83 82
238 237 649
240 239 662
649 82 648
242 671 674
180 181 684
685 237 238
690 691 697
696 697 702
701 702 706
705 706 709
708 709 711
712 243 244
683 180 684
690 683 691
692 685 238
696 690 697
701 696 702
705 701 706
708 705 709
217 711 713
786 127 128
788 125 126
790 123 124
798 791 790
805 799 798
257 256 800
786 128 191
788 126 787
790 124 789
798 790 797
805 798 804
257 800 806
822 208 209
831 824 823
837 831 830
844 839 838
848 844 843
853 850 849
855 853 852
256 257 856
823 208 822
832 824 831
839 832 838
845 839 844
850 845 849
854 850 853
257 854 856
199 894 200
166 963 167
969 223 224
978 971 970
971 222 970
92 389 83
430 125 124
436 429 428
450 445 444
438 430 437
7 165 164
503 180 179
510 503 502
516 510 509
521 516 515
525 521 520
528 525 524
190 531 189
503 179 502
510 502 509
516 509 515
521 515 520
525 520 524
531 528 189
540 208 207
547 540 539
553 547 546
558 553 552
562 558 557
565 562 561
567 565 564
226 225 568
540 207 539
547 539 546
553 546 552
558 552 557
562 557 561
565 561 564
569 567 217
656 649 648
244 243 676
179 180 683
682 683 690
684 685 692
689 690 696
692 238 239
695 696 701
700 701 705
704 705 708
216 711 217
682 179 683
689 682 690
695 689 696
700 695 701
704 700 705
216 708 711
787 126 127
793 120 121
795 788 787
797 790 789
189 794 190
804 798 797
810 805 804
258 257 806
787 127 786
793 121 792
795 787 794
797 789 796
801 794 189
804 797 803
810 804 809
258 806 811
823 207 208
832 825 824
838 832 831
845 840 839
849 845 844
854 851 850
856 854 853
255 256 857
825 206 824
833 825 832
840 833 839
846 840 845
851 846 850
258 851 854
6 272 192
973 219 220
984 977 983
426 121 120
440 433 432
157 462 156
502 179 178
509 502 501
515 509 508
520 515 514
524 520 519
195 196 527
191 533 190
502 178 501
509 501 508
515 508 514
520 514 519
528 524 188
539 207 206
546 539 538
552 546 545
557 552 551
561 557 556
564 561 560
217 567 216
539 206 538
546 538 545
552 545 551
557 551 556
561 556 560
567 564 216
239 238 656
178 179 682
681 682 689
688 689 695
694 695 700
699 700 704
707 241 242
217 713 218
681 178 682
688 681 689
694 688 695
699 694 700
215 704 708
789 124 125
794 787 786
800 793 792
803 797 796
188 801 189
809 804 803
814 810 809
259 258 811
789 125 788
796 788 795
803 796 802
807 801 188
809 803 808
814 809 813
259 811 815
824 206 207
833 826 825
839 833 832
846 841 840
850 846 845
258 259 851
824 207 823
834 826 833
841 834 840
847 841 846
259 847 851
119 227 11
432 127 126
501 178 177
508 501 500
514 508 507
519 514 513
188 524 187
501 177 500
508 500 507
514 507 513
524 519 187
538 206 205
545 538 537
551 545 544
556 551 550
560 556 555
224 223 563
218 569 217
538 205 537
545 537 544
551 544 550
556 550 555
564 560 215
238 649 656
177 178 681
680 681 688
687 688 694
693 694 699
214 704 215
680 177 681
687 680 688
693 687 694
213 693 699
191 128 6
796 789 788
802 796 795
807 802 801
811 806 805
813 809 808
817 814 813
260 259 815
794 786 190
802 795 801
808 802 807
813 808 812
817 813 816
260 815 818
825 205 206
834 827 826
840 834 833
847 842 841
851 847 846
257 258 854
827 204 826
835 827 834
842 835 841
260 842 847
989 984 983
431 125 430
500 177 176
507 500 499
513 507 506
197 198 518
189 528 188
500 176 499
507 499 506
519 513 186
537 205 204
544 537 536
550 544 543
555 550 549
215 560 214
537 204 536
544 536 543
550 543 549
560 555 214
176 177 680
679 680 687
686 687 693
212 693 213
213 699 214
679 176 680
686 679 687
212 686 693
214 699 704
801 795 794
808 803 802
812 808 807
816 813 812
819 817 816
261 260 818
800 792 799
811 805 810
815 810 814
818 814 817
820 817 819
826 204 205
835 828 827
841 835 834
260 261 842
826 205 825
836 828 835
261 836 842
499 176 175
506 499 498
186 513 185
499 175 498
506 498 184
536 204 203
543 536 535
549 543 542
222 221 554
216 564 215
536 203 535
543 535 542
555 549 213
175 176 679
678 679 686
211 686 212
698 239 240
678 175 679
211 678 686
698 692 239
806 800 799
815 811 810
818 815 814
820 818 817
821 820 819
806 799 805
816 812 186
261 818 820
262 820 821
827 203 204
836 829 828
842 836 835
259 260 847
829 202 828
262 829 836
498 175 174
184 498 183
185 506 184
498 174 183
513 506 185
535 203 202
542 535 534
212 542 211
214 555 213
535 202 534
549 542 212
174 175 678
210 678 211
691 692 698
210 174 678
691 684 692
187 807 188
185 816 186
262 261 820
263 262 821
812 807 187
821 819 184
828 202 203
262 263 829
828 203 827
865 138 139
183 174 3
199 200 505
200 182 505
534 202 201
220 219 541
534 201 210
647 81 80
181 182 685
215 708 216
190 786 191
184 819 185
3 263 183
263 821 183
263 3 201
263 201 829
505 182 181
210 201 3
213 549 212
3 174 210
684 181 685
183 821 184
829 201 202
187 519 186
542 534 211
186 812 187
261 262 836
211 534 210
819 816 185
683 684 691
